Season	Team	GP	GS	MIN	PTS	FGM	FGA	FG%	3PM	3PA	3P%	FTM	FTA	FT%	OFF	DEF	TRB	AST	STL	BLK	TOV	PF	
1976-77	BUF	77	-	2,816	1,564	544	1,046	.520	-	-	-	476	582	.818	251	336	587	144	91	15	-	215	
1977-78 *	All Teams	79	-	2,933	1,697	578	1,128	.512	-	-	-	541	680	.796	265	355	620	253	118	24	228	233	
1977-78 *	LAL	56	-	1,985	1,088	377	725	.520	-	-	-	334	417	.801	171	233	404	188	70	7	161	157	
1977-78 *	IND	23	-	948	609	201	403	.499	-	-	-	207	263	.787	94	122	216	65	48	17	67	76	
1978-79	LAL	60	-	1,775	1,040	374	733	.510	-	-	-	292	342	.854	131	211	342	138	63	12	155	162	
1979-80
☆	UTH	68	-	2,674	1,903	730	1,267	.576	0	2	.000	443	526	.842	183	333	516	191	96	14	233	211	
1980-81
☆	UTH	80	-	3,417	2,452	909	1,627	.559	2	7	.286	632	784	.806	192	317	509	322	109	18	282	245	
1981-82
☆	UTH	81	81	3,222	2,457	904	1,586	.570	1	3	.333	648	818	.792	231	283	514	324	95	14	299	252	
1982-83	UTH	22	22	887	676	233	402	.580	0	0	.000	210	248	.847	58	82	140	105	20	0	81	62	
1983-84
☆	UTH	79	79	2,984	2,418	802	1,438	.558	1	4	.250	813	946	.859	179	269	448	310	61	4	263	201	
1984-85
☆	UTH	55	46	1,971	1,462	512	964	.531	0	0	.000	438	545	.804	148	175	323	186	57	8	171	133	
1985-86
☆	UTH	76	75	2,736	2,267	817	1,452	.563	1	11	.091	632	798	.792	178	217	395	264	64	4	230	205	
1986-87	DET	81	81	2,736	1,742	601	1,126	.534	1	6	.167	539	664	.812	104	228	332	162	63	7	181	193	
1987-88	DET	69	50	2,144	1,380	444	863	.514	0	2	.000	492	572	.860	84	143	227	171	39	10	135	144	
1988-89 *	All Teams	73	67	2,422	1,400	470	954	.493	0	1	.000	460	568	.810	117	200	317	171	43	13	163	186	
1988-89 *	DET	42	42	1,341	772	258	495	.521	0	0	.000	256	305	.839	53	111	164	93	23	6	81	99	
1988-89 *	DAL	31	25	1,081	628	212	459	.462	0	1	.000	204	263	.776	64	89	153	78	20	7	82	87	
1989-90	DAL	45	45	1,300	662	231	484	.477	0	2	.000	200	254	.787	78	94	172	80	20	7	75	99	
1990-91	MIL	10	0	126	57	19	50	.380	1	3	.333	18	26	.692	8	5	13	9	5	0	6	8	
CAREER	 	955	546	34,143	23,177	8,168	15,120	.540	7	41	.171	6,834	8,353	.818	2,207	3,248	5,455	2,830	944	150	2,502	2,549	
