Season	Team	GP	GS	MIN	PTS	FGM	FGA	FG%	3PM	3PA	3P%	FTM	FTA	FT%	OFF	DEF	TRB	AST	STL	BLK	TOV	PF	
1976-77	MIL	60	-	648	310	132	277	.477	-	-	-	46	60	.767	68	100	168	25	17	18	-	78	
1977-78	MIL	82	-	1,552	790	343	633	.542	-	-	-	104	143	.727	144	251	395	129	41	55	137	178	
1978-79	IND	81	-	2,696	1,299	563	1,102	.511	-	-	-	173	230	.752	253	402	655	271	70	78	196	214	
1979-80 *	All Teams	78	-	2,401	1,318	553	1,113	.497	2	6	.333	210	266	.789	269	336	605	224	73	62	214	206	
1979-80 *	IND	54	-	1,526	806	346	686	.504	0	3	.000	114	140	.814	167	213	380	142	45	33	124	128	
1979-80 *	DEN	24	-	875	512	207	427	.485	2	3	.667	96	126	.762	102	123	225	82	28	29	90	78	
1980-81	DEN	81	-	3,093	1,929	768	1,555	.494	3	5	.600	390	459	.850	273	373	646	290	106	100	241	255	
1981-82
☆	DEN	82	82	3,015	2,082	855	1,553	.551	0	8	.000	372	443	.840	210	348	558	433	87	120	261	261	
1982-83
☆	DEN	82	82	2,988	2,326	959	1,857	.516	2	12	.167	406	490	.829	263	338	601	397	116	126	263	235	
1983-84
☆	DEN	82	77	2,870	2,167	907	1,714	.529	1	7	.143	352	427	.824	216	248	464	406	83	95	222	252	
1984-85
☆	DEN	81	81	2,924	2,262	939	1,812	.518	1	5	.200	383	462	.829	203	255	458	344	101	46	251	259	
1985-86
☆	DEN	81	81	3,024	2,414	951	1,888	.504	1	5	.200	511	593	.862	192	213	405	320	72	29	248	235	
1986-87
☆	DEN	82	82	3,076	2,345	965	1,921	.502	4	15	.267	411	487	.844	150	197	347	419	71	21	212	216	
1987-88
☆	DEN	80	80	2,818	2,000	843	1,704	.495	0	6	.000	314	379	.828	166	207	373	377	70	23	181	193	
1988-89
☆	DEN	82	82	2,990	2,175	924	1,881	.491	2	8	.250	325	379	.858	148	178	326	383	66	12	198	174	
1989-90	DEN	80	80	2,211	1,433	635	1,293	.491	2	5	.400	161	183	.880	119	167	286	225	51	23	93	130	
1990-91	DAL	79	26	1,748	763	322	734	.439	0	1	.000	119	140	.850	108	146	254	105	40	25	101	141	
CAREER	 	1193	753	38,054	25,613	10,659	21,037	.507	18	83	.217	4,277	5,141	.832	2,782	3,759	6,541	4,348	1,064	833	2,818	3,027	
