Season	Team	GP	GS	MIN	PTS	FGM	FGA	FG%	3PM	3PA	3P%	FTM	FTA	FT%	OFF	DEF	TRB	AST	STL	BLK	TOV	PF	
1993-94	DET	79	20	1,519	668	272	671	.405	35	117	.299	89	108	.824	19	101	120	100	34	13	99	165	
1994-95	DET	76	39	1,996	1,101	398	859	.463	158	373	.424	147	171	.860	29	138	167	164	61	14	113	182	
1995-96	DET	82	75	3,072	1,617	564	1,244	.453	191	447	.427	298	362	.823	54	246	300	250	61	16	233	233	
1996-97	NYK	81	81	2,681	1,197	437	1,032	.423	148	384	.385	175	218	.803	43	197	240	179	41	18	167	233	
1997-98	NYK	82	82	2,848	1,509	571	1,277	.447	82	213	.385	285	335	.851	43	231	274	212	63	24	200	207	
1998-99	NYK	50	50	1,815	813	294	703	.418	57	140	.407	168	195	.862	20	132	152	137	35	9	130	115	
1999-00
☆	NYK	82	82	3,169	1,614	614	1,271	.483	106	243	.436	280	334	.838	38	233	271	224	65	14	186	219	
2000-01
☆	NYK	78	78	2,858	1,459	542	1,208	.449	96	252	.381	279	307	.909	20	263	283	173	52	10	161	190	
2001-02	NYK	77	77	2,914	1,567	568	1,301	.437	136	346	.393	295	339	.870	37	215	252	190	54	10	170	182	
2002-03	NYK	82	82	3,108	1,845	652	1,465	.445	178	450	.396	363	395	.919	26	205	231	220	54	7	178	191	
2003-04	NYK	50	50	1,799	924	340	781	.435	87	202	.431	157	172	.913	20	101	121	99	38	2	102	105	
2004-05	NYK	20	11	532	237	85	205	.415	31	80	.388	36	43	.837	4	19	23	42	8	2	21	40	
CAREER	 	839	727	28,311	14,551	5,337	12,017	.444	1,305	3,247	.402	2,572	2,979	.863	353	2,081	2,434	1,990	566	139	1,760	2,062	
