Season	Team	GP	GS	MIN	PTS	FGM	FGA	FG%	3PM	3PA	3P%	FTM	FTA	FT%	OFF	DEF	TRB	AST	STL	BLK	TOV	PF	
1996-97	PHL	76	74	3,045	1,787	625	1,504	.416	155	455	.341	382	544	.702	115	197	312	567	157	24	337	233	
1997-98	PHL	80	80	3,150	1,758	649	1,407	.461	70	235	.298	390	535	.729	86	210	296	494	176	25	244	200	
1998-99	PHL	48	48	1,990	1,284	435	1,056	.412	58	199	.291	356	474	.751	66	170	236	223	110	7	167	98	
1999-00
☆	PHL	70	70	2,853	1,989	729	1,733	.421	89	261	.341	442	620	.713	71	196	267	328	144	5	230	162	
2000-01
★	PHL	71	71	2,979	2,207	762	1,813	.420	98	306	.320	585	719	.814	50	223	273	325	178	20	237	147	
2001-02
☆	PHL	60	60	2,622	1,883	665	1,669	.398	78	268	.291	475	585	.812	44	225	269	331	168	13	237	102	
2002-03
☆	PHL	82	82	3,485	2,262	804	1,940	.414	84	303	.277	570	736	.774	68	276	344	454	225	13	286	149	
2003-04
☆	PHL	48	47	2,040	1,266	435	1,125	.387	57	199	.286	339	455	.745	34	144	178	324	115	5	209	87	
2004-05
☆	PHL	75	75	3,174	2,302	771	1,818	.424	104	338	.308	656	786	.835	51	248	299	596	180	9	344	140	
2005-06
☆	PHL	72	72	3,103.5	2,377	815	1,822	.447	72	223	.323	675	829	.814	44	188	232	532	140	10	248	121	
2006-07 *
☆	All Teams	65	64	2,761.3	1,709	581	1,313	.442	62	197	.315	485	610	.795	23	170	193	468	123	13	268	95	
2006-07 *
☆	DEN	50	49	2,121	1,241	430	947	.454	50	144	.347	331	436	.759	16	136	152	359	90	12	202	74	
2006-07 *
☆	PHL	15	15	640.3	468	151	366	.413	12	53	.226	154	174	.885	7	34	41	109	33	1	66	21	
2007-08
☆	DEN	82	82	3,423.8	2,164	712	1,556	.458	95	275	.345	645	797	.809	47	196	243	586	160	12	245	109	
2008-09 *
☆	All Teams	57	53	2,092.5	995	348	834	.417	28	99	.283	271	347	.781	30	143	173	283	88	6	146	86	
2008-09 *
☆	DET	54	50	1,969.6	939	330	794	.416	26	91	.286	253	322	.786	27	138	165	263	85	5	136	83	
2008-09 *
☆	DEN	3	3	122.9	56	18	40	.450	2	8	.250	18	25	.720	3	5	8	20	3	1	10	3	
2009-10 *
☆	All Teams	28	24	864.3	385	136	316	.430	9	25	.360	104	131	.794	16	63	79	113	19	2	64	48	
2009-10 *
☆	PHL	25	24	797.8	348	121	290	.417	8	24	.333	98	119	.824	15	60	75	102	18	2	57	43	
2009-10 *
☆	MEM	3	0	66.5	37	15	26	.577	1	1	1.000	6	12	.500	1	3	4	11	1	0	7	5	
CAREER	 	914	902	37,583.4	24,368	8,467	19,906	.425	1,059	3,383	.313	6,375	8,168	.780	745	2,649	3,394	5,624	1,983	164	3,262	1,777	
