Season	Team	GP	GS	MIN	PTS	FGM	FGA	FG%	3PM	3PA	3P%	FTM	FTA	FT%	OFF	DEF	TRB	AST	STL	BLK	TOV	PF	
1992-93	CHA	78	78	2,644	1,639	572	1,119	.511	0	3	.000	495	634	.781	263	542	805	76	27	271	236	286	
1993-94
☆	CHA	60	59	2,018	1,287	427	845	.505	0	2	.000	433	568	.762	177	433	610	86	27	188	199	207	
1994-95
☆	CHA	77	77	2,941	1,643	571	1,101	.519	11	34	.324	490	644	.761	200	561	761	111	49	225	241	275	
1995-96
☆	MIA	70	70	2,671	1,623	563	1,076	.523	9	30	.300	488	712	.685	218	509	727	159	70	189	262	245	
1996-97
☆	MIA	66	65	2,320	1,310	473	885	.534	1	9	.111	363	565	.642	189	467	656	104	56	189	226	272	
1997-98	MIA	58	56	1,939	1,115	403	732	.551	0	0	.000	309	465	.665	193	365	558	52	40	130	179	208	
1998-99	MIA	46	46	1,753	924	324	634	.511	0	2	.000	276	423	.652	166	341	507	74	34	180	139	161	
1999-00
☆	MIA	79	78	2,748	1,718	652	1,184	.551	0	4	.000	414	582	.711	215	538	753	123	40	294	217	308	
2000-01
☆	MIA	13	3	306	177	73	141	.518	0	1	.000	31	55	.564	35	66	101	12	4	31	28	24	
2001-02
☆	MIA	75	74	2,455	1,178	447	866	.516	1	3	.333	283	431	.657	182	450	632	87	27	186	182	258	
2003-04	NJN	12	0	215	96	33	71	.465	0	0	.000	30	34	.882	8	19	27	8	2	6	10	32	
2004-05 *	All Teams	37	17	702	282	100	212	.472	0	0	.000	82	141	.582	53	145	198	18	8	74	57	82	
2004-05 *	MIA	19	3	245	95	32	62	.516	0	0	.000	31	55	.564	22	49	71	4	3	33	12	32	
2004-05 *	NJN	18	14	457	187	68	150	.453	0	0	.000	51	86	.593	31	96	127	14	5	41	45	50	
2005-06	MIA	65	20	1,302.7	509	188	315	.597	0	1	.000	133	224	.594	125	234	359	11	13	173	79	177	
2006-07	MIA	77	43	1,571.7	661	238	425	.560	0	0	.000	185	308	.601	126	224	350	18	13	178	129	219	
2007-08	MIA	25	0	389.4	149	52	95	.547	0	0	.000	45	76	.592	34	59	93	7	4	42	25	56	
CAREER	 	838	686	25,975.9	14,311	5,116	9,701	.527	22	89	.247	4,057	5,862	.692	2,184	4,953	7,137	946	414	2,356	2,209	2,810	
