Season	Team	GP	GS	MIN	PTS	FGM	FGA	FG%	3PM	3PA	3P%	FTM	FTA	FT%	OFF	DEF	TRB	AST	STL	BLK	TOV	PF	
2002-03	PHX	82	71	2,570	1,106	392	830	.472	2	10	.200	320	484	.661	250	471	721	78	62	87	189	269	
2003-04	PHX	55	53	2,025	1,133	411	865	.475	1	5	.200	310	435	.713	157	339	496	78	64	89	177	188	
2004-05
☆	PHX	80	80	2,888	2,080	747	1,336	.559	3	16	.188	583	795	.733	219	494	713	131	77	130	189	278	
2005-06	PHX	3	3	50.5	26	9	27	.333	0	1	.000	8	9	.889	6	10	16	2	1	3	1	4	
2006-07
☆	PHX	82	78	2,689	1,671	607	1,055	.575	0	3	.000	457	585	.781	222	564	786	84	78	110	232	295	
2007-08
☆	PHX	79	79	2,676.8	1,989	714	1,211	.590	5	31	.161	556	691	.805	178	541	719	118	64	163	174	294	
2008-09
☆	PHX	53	53	1,947.9	1,134	404	749	.539	3	7	.429	323	387	.835	116	314	430	104	49	57	150	163	
2009-10
☆	PHX	82	82	2,837.5	1,896	704	1,264	.557	1	6	.167	487	632	.771	230	502	732	82	52	83	213	281	
2010-11
☆	NYK	78	78	2,870	1,971	744	1,482	.502	10	23	.435	473	597	.792	198	438	636	202	71	150	250	274	
2011-12	NYK	47	47	1,543.2	823	316	654	.483	5	21	.238	186	243	.765	106	261	367	52	38	45	112	138	
2012-13	NYK	29	0	681.9	413	154	267	.577	0	0	.000	105	130	.808	60	85	145	13	10	21	50	89	
2013-14	NYK	65	21	1,466.2	772	311	558	.557	0	0	.000	150	203	.739	112	208	320	34	23	37	91	159	
2014-15 *	All Teams	59	15	1,244.4	680	273	490	.557	0	4	.000	134	186	.720	110	219	329	45	29	38	78	161	
2014-15 *	NYK	36	14	864.9	432	169	311	.543	0	3	.000	94	127	.740	83	162	245	37	20	34	63	111	
2014-15 *	DAL	23	1	379.6	248	104	179	.581	0	1	.000	40	59	.678	27	57	84	8	9	4	15	50	
2015-16	MIA	52	36	762.3	300	125	221	.566	0	0	.000	50	67	.746	65	157	222	27	18	41	47	92	
CAREER	 	846	696	26,252.7	15,994	5,911	11,009	.537	30	127	.236	4,142	5,444	.761	2,029	4,603	6,632	1,050	636	1,054	1,953	2,685	
