Season	Team	GP	GS	MIN	PTS	FGM	FGA	FG%	3PM	3PA	3P%	FTM	FTA	FT%	OFF	DEF	TRB	AST	STL	BLK	TOV	PF	
2012-13	NOP	64	60	28.8	13.52	5.44	10.55	.516	0.00	0.09	.000	2.64	3.52	.751	2.58	5.58	8.16	0.98	1.17	1.75	1.39	2.47	
2013-14
☆	NOP	67	66	35.2	20.81	7.79	15.00	.519	0.03	0.13	.222	5.19	6.57	.791	3.09	6.96	10.04	1.57	1.33	2.82	1.63	2.99	
2014-15
☆	NOP	68	68	36.1	24.35	9.44	17.63	.535	0.01	0.18	.083	5.46	6.78	.805	2.54	7.69	10.24	2.19	1.47	2.94	1.40	2.07	
2015-16
☆	NOP	61	61	35.5	24.28	9.18	18.62	.493	0.57	1.77	.324	5.34	7.05	.758	2.13	8.15	10.28	1.90	1.28	2.05	1.98	2.43	
2016-17
☆	NOP	75	75	36.1	27.99	10.27	20.35	.505	0.53	1.79	.299	6.92	8.63	.802	2.29	9.49	11.79	2.09	1.25	2.23	2.41	2.24	
2017-18
☆	NOP	75	75	36.4	28.13	10.40	19.49	.534	0.73	2.16	.340	6.60	7.97	.828	2.49	8.60	11.09	2.32	1.53	2.57	2.16	2.12	
2018-19
☆	NOP	56	56	33.0	25.93	9.46	18.32	.517	0.86	2.59	.331	6.14	7.73	.794	3.11	8.89	12.00	3.89	1.57	2.41	2.00	2.36	
2019-20
☆	LAL	62	62	34.4	26.10	8.89	17.68	.503	1.16	3.52	.330	7.16	8.47	.846	2.29	7.02	9.31	3.23	1.47	2.31	2.48	2.52	
2020-21
☆	LAL	36	36	32.3	21.83	8.36	17.03	.491	0.72	2.78	.260	4.39	5.94	.738	1.72	6.22	7.94	3.06	1.25	1.64	2.06	1.67	
2021-22	LAL	40	40	35.1	23.18	9.25	17.38	.532	0.33	1.75	.186	4.35	6.10	.713	2.65	7.20	9.85	3.05	1.23	2.25	2.05	2.42	
2022-23	LAL	56	54	34.0	25.91	9.68	17.18	.563	0.34	1.32	.257	6.21	7.93	.784	3.48	9.05	12.54	2.64	1.05	2.04	2.18	2.61	
CAREER	 	660	653	34.4	24.00	8.96	17.27	.519	0.47	1.57	.300	5.60	7.06	.793	2.60	7.81	10.40	2.37	1.34	2.31	1.97	2.37	
