Season	Team	GP	GS	MIN	PTS	FGM	FGA	FG%	3PM	3PA	3P%	FTM	FTA	FT%	OFF	DEF	TRB	AST	STL	BLK	TOV	PF	
1996-97	BOS	82	68	2,970	1,435	576	1,354	.425	52	159	.327	231	366	.631	288	453	741	262	105	53	230	271	
1997-98
☆	BOS	82	82	3,268	1,840	722	1,705	.423	91	292	.312	305	473	.645	270	566	836	273	142	60	292	262	
1998-99	BOS	42	41	1,549	784	303	735	.412	65	176	.369	113	202	.559	106	253	359	130	63	28	119	142	
1999-00	BOS	82	82	3,003	1,680	648	1,506	.430	73	285	.256	311	445	.699	199	453	652	305	117	32	259	263	
2000-01	BOS	81	81	3,396	1,892	711	1,720	.413	221	603	.367	249	348	.716	151	568	719	445	138	49	301	251	
2001-02
☆	BOS	81	81	3,406	1,794	666	1,689	.394	222	645	.344	240	324	.741	150	564	714	407	122	38	251	236	
2002-03
☆	BOS	78	78	3,235	1,570	603	1,554	.388	188	582	.323	176	286	.615	99	464	563	373	116	31	260	221	
2003-04	DAL	82	82	2,840	1,151	483	1,129	.428	82	305	.269	103	186	.554	198	486	684	369	65	65	202	212	
2004-05 *	All Teams	77	77	2,955	1,473	581	1,377	.422	110	341	.323	201	373	.539	182	513	695	265	89	58	253	217	
2004-05 *	ATL	53	53	2,128	1,082	420	1,013	.415	85	268	.317	157	294	.534	126	371	497	194	64	32	183	147	
2004-05 *	BOS	24	24	827	391	161	364	.442	25	73	.342	44	79	.557	56	142	198	71	25	26	70	70	
2005-06	MIA	82	19	2,198.4	1,000	391	898	.435	137	383	.358	81	129	.628	103	318	421	166	47	30	150	187	
2006-07	MIA	78	15	1,817.8	660	265	668	.397	84	305	.275	46	105	.438	92	247	339	130	48	17	141	173	
2007-08	MIN	46	1	892.3	368	136	375	.363	61	188	.324	35	66	.530	56	112	168	45	33	8	46	80	
CAREER	 	893	707	31,530.5	15,647	6,085	14,710	.414	1,386	4,264	.325	2,091	3,303	.633	1,894	4,997	6,891	3,170	1,085	469	2,504	2,515	
