Season	Team	GP	GS	MIN	PTS	FGM	FGA	FG%	3PM	3PA	3P%	FTM	FTA	FT%	OFF	DEF	TRB	AST	STL	BLK	TOV	PF	
1976-77	CHI	82	-	2,877	1,527	570	1,091	.522	-	-	-	387	586	.660	313	757	1,070	199	44	203	-	266	
1977-78
☆	CHI	82	-	3,067	1,879	704	1,260	.559	-	-	-	471	669	.704	318	753	1,071	263	42	181	366	261	
1978-79
☆	CHI	82	-	3,265	1,940	753	1,310	.575	-	-	-	434	587	.739	293	750	1,043	274	50	156	310	280	
1979-80	CHI	48	-	1,568	855	305	513	.595	0	0	.000	245	344	.712	108	324	432	133	29	59	133	167	
1980-81
☆	CHI	82	-	2,832	1,469	547	816	.670	0	0	.000	375	532	.705	220	608	828	172	47	198	236	295	
1981-82
☆	CHI	82	82	2,796	1,517	546	837	.652	1	1	1.000	424	552	.768	224	611	835	136	49	220	227	287	
1982-83
☆	SAN	82	82	2,797	1,479	556	888	.626	0	6	.000	367	496	.740	299	685	984	126	40	192	254	273	
1983-84	SAN	64	59	2,034	982	351	556	.631	0	3	.000	280	390	.718	213	449	662	70	36	132	149	229	
1984-85	SAN	81	81	2,756	1,548	532	854	.623	0	2	.000	484	646	.749	231	615	846	131	40	173	241	306	
1985-86
☆	SAN	71	71	2,395	1,184	423	684	.618	0	1	.000	338	481	.703	166	434	600	102	39	108	186	239	
1986-87	SAN	82	74	2,405	934	346	580	.597	0	0	.000	242	356	.680	185	394	579	150	39	95	178	235	
1987-88 *	All Teams	71	26	893	265	99	181	.547	0	0	.000	67	128	.523	69	142	211	21	15	30	67	148	
1987-88 *	BOS	47	4	521	164	58	101	.574	0	0	.000	48	91	.527	54	94	148	12	10	18	39	94	
1987-88 *	CHI	24	22	372	101	41	80	.513	0	0	.000	19	37	.514	15	48	63	9	5	12	28	54	
CAREER	 	909	475	29,685	15,579	5,732	9,570	.599	1	13	.077	4,114	5,767	.713	2,639	6,522	9,161	1,777	470	1,747	2,347	2,986	
