Season	Team	GP	GS	MIN	PTS	FGM	FGA	FG%	3PM	3PA	3P%	FTM	FTA	FT%	OFF	DEF	TRB	AST	STL	BLK	TOV	PF	
1977-78	NJN	79	-	3,092	1,909	798	1,665	.479	-	-	-	313	462	.677	265	486	751	193	122	36	311	302	
1978-79	NJN	82	-	2,859	1,769	710	1,359	.522	-	-	-	349	619	.564	251	418	669	295	118	39	323	326	
1979-80	UTH	19	-	419	176	71	137	.518	0	0	.000	34	63	.540	24	64	88	52	7	4	50	66	
1980-81	GOS	81	-	2,914	1,771	731	1,244	.588	2	6	.333	307	437	.703	178	373	551	287	72	34	265	304	
1981-82
☆	GOS	79	77	2,861	1,833	740	1,307	.566	1	5	.200	352	499	.705	140	329	469	282	78	23	267	285	
1982-83	NYK	68	68	2,207	1,486	603	1,142	.528	0	6	.000	280	388	.722	99	227	326	195	90	13	197	233	
1983-84
☆	NYK	77	76	2,667	2,027	795	1,391	.572	0	4	.000	437	561	.779	123	271	394	164	75	17	197	273	
1984-85
☆	NYK	55	55	2,063	1,809	691	1,303	.530	1	10	.100	426	552	.772	114	203	317	204	71	15	204	191	
1986-87	NYK	6	4	214	136	52	105	.495	0	0	.000	32	43	.744	13	19	32	19	2	0	15	14	
1987-88	WAS	69	38	2,042	1,188	470	938	.501	1	6	.167	247	324	.762	86	194	280	191	49	10	211	202	
1988-89	WAS	81	81	2,559	1,674	654	1,371	.477	5	30	.167	361	441	.819	133	251	384	294	64	13	227	219	
1989-90	WAS	82	82	2,685	1,837	711	1,459	.487	3	23	.130	412	513	.803	129	275	404	376	51	7	248	230	
1990-91
☆	WAS	64	64	2,401	1,817	713	1,511	.472	8	37	.216	383	485	.790	114	205	319	292	56	16	255	187	
1992-93	NJN	32	2	430	223	91	177	.514	2	7	.286	39	57	.684	35	41	76	18	11	3	21	53	
CAREER	 	874	547	29,413	19,655	7,830	15,109	.518	23	134	.172	3,972	5,444	.730	1,704	3,356	5,060	2,862	866	230	2,791	2,885	
