Season	Team	GP	GS	MIN	PTS	FGM	FGA	FG%	3PM	3PA	3P%	FTM	FTA	FT%	OFF	DEF	TRB	AST	STL	BLK	TOV	PF	
1980-81	CLE	81	-	2,460	791	337	670	.503	0	0	.000	117	153	.765	266	427	693	216	56	78	132	332	
1981-82 *	All Teams	80	34	1,829	718	265	536	.494	4	13	.308	184	232	.793	234	383	617	100	39	64	121	296	
1981-82 *	CLE	50	4	894	334	119	253	.470	3	6	.500	93	120	.775	124	153	277	45	22	30	61	170	
1981-82 *	DET	30	30	935	384	146	283	.516	1	7	.143	91	112	.813	110	230	340	55	17	34	60	126	
1982-83
☆	DET	82	82	2,871	1,119	436	877	.497	2	13	.154	245	310	.790	282	711	993	263	51	118	176	320	
1983-84
☆	DET	82	82	2,864	1,422	553	1,044	.530	0	11	.000	316	365	.866	329	674	1,003	149	49	84	151	273	
1984-85
☆	DET	82	82	2,892	1,438	595	1,177	.506	4	18	.222	244	306	.797	295	718	1,013	154	69	71	129	308	
1985-86	DET	82	82	2,891	1,360	545	1,107	.492	4	14	.286	266	319	.834	305	770	1,075	146	60	65	133	291	
1986-87
☆	DET	82	82	2,854	1,263	506	1,010	.501	6	21	.286	245	274	.894	243	712	955	151	72	69	120	283	
1987-88	DET	82	82	2,897	1,110	455	923	.493	13	39	.333	187	214	.874	165	667	832	199	66	78	136	284	
1988-89	DET	81	81	2,640	1,106	449	900	.499	30	86	.349	178	212	.840	138	638	776	177	51	100	129	259	
1989-90	DET	81	81	2,675	981	380	785	.484	57	158	.361	164	192	.854	166	614	780	171	57	84	98	278	
1990-91	DET	82	81	2,668	904	372	778	.478	37	125	.296	123	147	.837	173	564	737	157	38	56	98	242	
1991-92	DET	81	46	2,234	783	342	727	.470	32	85	.376	67	75	.893	104	347	451	160	51	54	102	225	
1992-93	DET	79	41	1,933	687	292	574	.509	10	27	.370	93	104	.894	110	309	419	127	46	40	59	212	
1993-94	DET	11	5	248	108	47	90	.522	3	9	.333	11	13	.846	9	47	56	14	6	4	10	30	
CAREER	 	1068	861	33,956	13,790	5,574	11,198	.498	202	619	.326	2,440	2,916	.837	2,819	7,581	10,400	2,184	711	965	1,594	3,633	
