Season	Team	GP	GS	MIN	PTS	FGM	FGA	FG%	3PM	3PA	3P%	FTM	FTA	FT%	OFF	DEF	TRB	AST	STL	BLK	TOV	PF	
2010-11
☆	LAC	82	82	37.9	22.50	8.49	16.78	.506	0.09	0.29	.292	5.44	8.48	.642	3.29	8.77	12.06	3.80	0.77	0.55	2.72	3.07	
2011-12
☆	LAC	66	66	36.2	20.73	8.50	15.48	.549	0.03	0.24	.125	3.70	7.09	.521	3.30	7.56	10.86	3.18	0.82	0.73	2.27	3.27	
2012-13
☆	LAC	80	80	32.5	18.00	7.21	13.40	.538	0.06	0.35	.179	3.51	5.33	.660	2.33	5.95	8.28	3.74	1.21	0.62	2.31	2.89	
2013-14
☆	LAC	80	80	35.8	24.12	8.97	16.99	.528	0.15	0.55	.273	6.03	8.43	.715	2.40	7.06	9.46	3.86	1.15	0.64	2.80	3.31	
2014-15
☆	LAC	67	67	35.2	21.93	8.57	17.07	.502	0.15	0.37	.400	4.64	6.37	.728	1.88	5.70	7.58	5.28	0.94	0.52	2.27	2.93	
2015-16	LAC	35	35	33.4	21.40	8.60	17.23	.499	0.17	0.51	.333	4.03	5.54	.727	1.46	6.94	8.40	4.86	0.80	0.49	2.37	2.71	
2016-17	LAC	61	61	34.0	21.57	7.85	15.92	.493	0.62	1.85	.336	5.25	6.90	.760	1.84	6.31	8.15	4.92	0.93	0.36	2.33	2.57	
2017-18 *	All Teams	58	58	34.0	21.41	7.52	17.17	.438	1.91	5.55	.345	4.47	5.69	.785	1.26	6.12	7.38	5.76	0.71	0.31	2.84	2.40	
2017-18 *	LAC	33	33	34.5	22.61	7.73	17.52	.441	1.94	5.67	.342	5.21	6.64	.785	1.39	6.55	7.94	5.42	0.91	0.27	3.00	2.36	
2017-18 *	DET	25	25	33.2	19.84	7.24	16.72	.433	1.88	5.40	.348	3.48	4.44	.784	1.08	5.56	6.64	6.20	0.44	0.36	2.64	2.44	
2018-19
☆	DET	75	75	35.0	24.55	8.25	17.88	.462	2.52	6.96	.362	5.52	7.33	.753	1.33	6.20	7.53	5.36	0.69	0.37	3.37	2.65	
2019-20	DET	18	18	28.5	15.50	4.89	13.89	.352	1.50	6.17	.243	4.22	5.44	.776	0.94	3.72	4.67	3.28	0.39	0.39	2.22	1.50	
2020-21 *	All Teams	46	30	25.8	10.98	3.78	8.93	.423	1.52	4.46	.341	1.89	2.54	.744	0.76	4.13	4.89	3.04	0.70	0.33	1.35	2.41	
2020-21 *	BRK	26	10	21.5	10.00	3.58	7.27	.492	1.19	3.12	.383	1.65	2.12	.782	1.08	3.58	4.65	2.42	0.69	0.50	1.15	2.65	
2020-21 *	DET	20	20	31.3	12.25	4.05	11.10	.365	1.95	6.20	.315	2.20	3.10	.710	0.35	4.85	5.20	3.85	0.70	0.10	1.60	2.10	
2021-22	BRK	56	24	17.1	6.41	2.38	5.59	.425	0.68	2.59	.262	0.98	1.36	.724	1.07	3.00	4.07	1.88	0.48	0.25	0.55	1.70	
2022-23	BOS	41	16	13.9	4.15	1.54	3.17	.485	0.56	1.61	.348	0.51	0.78	.656	1.15	2.63	3.78	1.49	0.34	0.22	0.54	1.83	
CAREER	 	765	692	31.9	18.97	7.08	14.36	.493	0.70	2.14	.328	4.10	5.89	.696	1.94	6.04	7.99	3.99	0.82	0.47	2.26	2.69	
