Season	Team	GP	GS	MIN	PTS	FGM	FGA	FG%	3PM	3PA	3P%	FTM	FTA	FT%	OFF	DEF	TRB	AST	STL	BLK	TOV	PF	
1970-71	DET	82	-	2,017	1,281	504	1,108	.455	-	-	-	273	376	.726	-	-	665	146	-	-	-	272	
1971-72
☆	DET	80	-	3,092	2,056	834	1,690	.493	-	-	-	388	505	.768	-	-	1,132	248	-	-	-	297	
1972-73
☆	DET	81	-	3,150	1,927	810	1,654	.490	-	-	-	307	397	.773	-	-	1,205	260	-	-	-	278	
1973-74
☆	DET	81	-	3,047	1,822	748	1,483	.504	-	-	-	326	409	.797	269	805	1,074	343	110	247	-	273	
1974-75
☆	DET	76	-	2,987	1,823	731	1,433	.510	-	-	-	361	450	.802	225	689	914	350	75	172	-	237	
1975-76	DET	64	-	2,363	1,366	541	1,017	.532	-	-	-	284	370	.768	217	529	746	217	79	86	-	203	
1976-77
☆	DET	64	-	2,446	1,616	678	1,269	.534	-	-	-	260	318	.818	200	545	745	214	70	126	-	174	
1977-78
☆	DET	63	-	2,311	1,542	622	1,159	.537	-	-	-	298	386	.772	197	518	715	216	82	93	225	185	
1978-79
☆	DET	53	-	1,835	1,253	489	950	.515	-	-	-	275	367	.749	164	330	494	140	50	75	175	181	
1979-80 *	All Teams	63	-	2,131	1,210	466	867	.537	1	6	.167	277	354	.782	152	400	552	184	74	89	162	200	
1979-80 *	DET	37	-	1,392	802	319	584	.546	0	5	.000	164	210	.781	108	265	373	122	38	60	113	130	
1979-80 *	MIL	26	-	739	408	147	283	.519	1	1	1.000	113	144	.785	44	135	179	62	36	29	49	70	
1980-81	MIL	67	-	1,753	961	376	716	.525	1	1	1.000	208	277	.751	128	285	413	179	73	81	139	184	
1981-82
☆	MIL	74	72	1,986	996	407	729	.558	0	2	.000	182	242	.752	92	296	388	219	72	56	166	211	
1982-83	MIL	39	35	978	417	163	332	.491	0	1	.000	91	133	.684	58	142	200	105	34	24	82	125	
1983-84	MIL	72	72	2,007	978	392	685	.572	0	3	.000	194	274	.708	141	314	455	186	58	51	163	228	
CAREER	 	959	179	32,103	19,248	7,761	15,092	.514	2	13	.154	3,724	4,858	.767	1,843	4,853	9,698	3,007	777	1,100	1,112	3,048	
