Season	Team	GP	GS	MIN	PTS	FGM	FGA	FG%	3PM	3PA	3P%	FTM	FTA	FT%	OFF	DEF	TRB	AST	STL	BLK	TOV	PF	
1972-73	BUF	80	-	2,562	1,441	585	1,293	.452	-	-	-	271	350	.774	-	-	728	139	-	-	-	256	
1973-74
☆	BUF	74	-	3,185	2,261	901	1,647	.547	-	-	-	459	579	.793	281	836	1,117	170	88	246	-	252	
1974-75
★	BUF	82	-	3,539	2,831	1,095	2,138	.512	-	-	-	641	796	.805	307	848	1,155	179	92	174	-	278	
1975-76
☆	BUF	78	-	3,328	2,427	934	1,918	.487	-	-	-	559	734	.762	241	724	965	315	93	160	-	298	
1976-77 *
☆	All Teams	72	-	2,798	1,861	740	1,445	.512	-	-	-	381	516	.738	199	727	926	205	77	99	-	262	
1976-77 *
☆	NYK	52	-	2,031	1,387	558	1,045	.534	-	-	-	271	358	.757	133	529	662	140	61	65	-	188	
1976-77 *
☆	BUF	20	-	767	474	182	400	.455	-	-	-	110	158	.696	66	198	264	65	16	34	-	74	
1977-78
☆	NYK	79	-	3,182	2,097	814	1,564	.520	-	-	-	469	645	.727	236	774	1,010	298	105	126	346	297	
1978-79 *	All Teams	60	-	2,231	1,487	596	1,127	.529	-	-	-	295	450	.656	130	390	520	168	74	67	217	189	
1978-79 *	NYK	40	-	1,594	1,076	429	793	.541	-	-	-	218	335	.651	94	285	379	128	62	47	153	134	
1978-79 *	BOS	20	-	637	411	167	334	.500	-	-	-	77	115	.670	36	105	141	40	12	20	64	55	
1979-80	DET	58	-	2,097	1,222	492	1,025	.480	3	24	.125	235	322	.730	100	367	467	200	73	65	238	178	
1980-81 *	All Teams	16	-	321	165	68	157	.433	0	1	.000	29	41	.707	17	50	67	30	17	13	32	38	
1980-81 *	NJN	10	-	153	93	38	75	.507	0	1	.000	17	21	.810	8	18	26	10	9	6	14	22	
1980-81 *	DET	6	-	168	72	30	82	.366	0	0	.000	12	20	.600	9	32	41	20	8	7	18	16	
1981-82	LAL	41	0	746	392	151	330	.458	0	5	.000	90	126	.714	45	114	159	32	22	36	51	109	
1982-83	LAL	47	1	1,019	703	292	562	.520	0	1	.000	119	163	.730	76	171	247	39	40	40	68	153	
1983-84	LAL	70	0	1,456	916	352	748	.471	0	5	.000	212	264	.803	82	207	289	74	42	50	127	182	
1984-85	LAL	66	0	1,254	690	284	546	.520	0	1	.000	122	162	.753	79	216	295	67	18	53	95	170	
1985-86	PHL	29	0	609	294	116	251	.462	0	0	.000	62	81	.765	25	78	103	35	10	18	49	64	
CAREER	 	852	1	28,327	18,787	7,420	14,751	.503	3	37	.081	3,944	5,229	.754	1,818	5,502	8,048	1,951	751	1,147	1,223	2,726	
