Season	Team	GP	GS	MIN	PTS	FGM	FGA	FG%	3PM	3PA	3P%	FTM	FTA	FT%	OFF	DEF	TRB	AST	STL	BLK	TOV	PF	
2012-13	WAS	56	46	31.2	13.93	5.04	12.27	.410	1.62	4.21	.386	2.23	2.84	.786	0.77	3.00	3.77	2.45	0.89	0.52	1.61	2.02	
2013-14	WAS	73	73	34.7	17.11	6.59	15.74	.419	1.89	4.70	.402	2.04	2.59	.788	0.74	3.00	3.74	3.33	0.97	0.25	1.75	2.10	
2014-15	WAS	63	59	33.5	15.27	5.76	13.51	.427	1.68	4.11	.409	2.06	2.63	.783	0.90	2.92	3.83	3.08	1.21	0.29	1.95	2.16	
2015-16	WAS	55	35	31.1	17.42	6.53	14.53	.449	1.91	4.93	.387	2.45	3.20	.767	0.75	2.67	3.42	2.95	0.98	0.20	2.04	2.13	
2016-17	WAS	77	77	34.9	23.10	8.27	17.17	.482	2.90	7.17	.404	3.66	4.44	.825	0.69	2.43	3.12	3.47	1.08	0.27	2.03	2.19	
2017-18
☆	WAS	82	82	36.3	22.65	8.33	18.10	.460	2.43	6.46	.375	3.56	4.50	.791	0.74	3.68	4.43	4.55	1.17	0.44	2.61	1.95	
2018-19
☆	WAS	82	82	36.9	25.60	9.32	19.62	.475	2.55	7.27	.351	4.41	5.46	.808	1.09	3.93	5.01	5.46	1.48	0.71	2.73	2.76	
2019-20	WAS	57	57	36.0	30.54	10.40	22.86	.455	2.98	8.44	.353	6.75	8.02	.842	0.91	3.33	4.25	6.09	1.25	0.40	3.40	2.21	
2020-21
☆	WAS	60	60	35.8	31.30	11.17	23.03	.485	2.17	6.22	.349	6.80	7.65	.889	1.20	3.52	4.72	4.42	1.15	0.37	3.12	2.33	
2021-22	WAS	40	40	36.0	23.20	8.70	19.27	.451	1.57	5.25	.300	4.22	5.08	.833	0.95	3.77	4.72	6.62	0.90	0.38	3.38	2.38	
2022-23	WAS	50	50	33.5	23.20	8.88	17.56	.506	1.60	4.38	.365	3.84	4.56	.842	0.82	3.10	3.92	5.42	0.90	0.66	2.90	2.14	
CAREER	 	695	661	34.7	22.15	8.09	17.60	.460	2.18	5.86	.372	3.78	4.60	.823	0.86	3.22	4.08	4.28	1.11	0.41	2.46	2.22	
