Season	Team	GP	GS	MIN	PTS	FGM	FGA	FG%	3PM	3PA	3P%	FTM	FTA	FT%	OFF	DEF	TRB	AST	STL	BLK	TOV	PF	
1981-82
☆	NJN	82	82	2,825	1,268	513	881	.582	0	1	.000	242	388	.624	347	658	1,005	107	84	84	235	285	
1982-83
☆	NJN	82	82	2,961	1,396	536	912	.588	0	4	.000	324	523	.620	365	662	1,027	125	91	110	246	270	
1983-84	NJN	81	81	3,003	1,274	495	926	.535	0	4	.000	284	498	.570	355	645	1,000	130	81	125	237	298	
1984-85	NJN	82	82	3,182	1,491	577	1,089	.530	1	4	.250	336	538	.625	323	682	1,005	167	63	110	238	293	
1985-86
☆	NJN	82	82	3,070	1,301	500	956	.523	0	3	.000	301	445	.676	329	657	986	131	73	96	244	294	
1986-87	NJN	82	82	2,976	1,472	521	936	.557	0	1	.000	430	588	.731	321	700	1,021	129	78	89	280	315	
1987-88	NJN	70	70	2,637	1,279	466	832	.560	1	1	1.000	346	518	.668	298	536	834	109	68	46	189	266	
1988-89	NJN	74	72	2,447	959	373	702	.531	0	3	.000	213	320	.666	249	447	696	78	61	36	142	223	
1989-90	POR	82	82	2,801	1,114	413	754	.548	0	1	.000	288	408	.706	250	550	800	116	69	39	168	285	
1990-91	POR	80	80	2,582	933	358	595	.602	0	0	.000	217	308	.705	227	524	751	97	47	47	137	247	
1991-92	POR	80	80	2,519	901	340	563	.604	0	1	.000	221	293	.754	260	444	704	108	62	41	130	244	
1992-93	POR	82	82	2,498	678	270	528	.511	0	1	.000	138	214	.645	232	458	690	75	81	61	101	270	
1993-94	POR	81	81	2,636	783	291	524	.555	0	1	.000	201	296	.679	315	528	843	80	58	47	111	239	
1994-95	POR	82	82	2,422	757	309	604	.512	1	2	.500	138	205	.673	251	418	669	78	67	69	119	254	
1995-96	POR	70	10	1,672	511	192	384	.500	2	3	.667	125	187	.668	159	245	404	42	40	47	90	187	
1996-97	NYK	74	4	1,496	465	175	326	.537	0	1	.000	115	179	.642	166	231	397	53	40	38	79	204	
1997-98	NYK	41	6	738	202	75	149	.503	0	0	.000	52	71	.732	78	105	183	21	17	15	38	93	
CAREER	 	1307	1140	42,465	16,784	6,404	11,661	.549	5	31	.161	3,971	5,979	.664	4,525	8,490	13,015	1,646	1,080	1,100	2,784	4,267	
