Season	Team	GP	GS	MIN	PTS	FGM	FGA	FG%	3PM	3PA	3P%	FTM	FTA	FT%	OFF	DEF	TRB	AST	STL	BLK	TOV	PF	
2002-03	CLE	81	55	2,049	810	331	618	.536	0	1	.000	148	192	.771	202	407	609	106	59	50	103	224	
2003-04	CLE	75	75	2,593	1,162	471	900	.523	1	6	.167	219	285	.768	230	627	857	148	74	55	134	199	
2004-05	UTH	51	51	1,772	909	361	693	.521	0	1	.000	187	268	.698	141	316	457	144	41	24	137	179	
2005-06	UTH	33	19	1,025.2	537	219	399	.549	0	0	.000	99	137	.723	73	212	285	88	30	8	69	105	
2006-07
☆	UTH	74	74	2,556.8	1,549	647	1,154	.561	0	0	.000	255	372	.685	235	632	867	221	70	21	194	217	
2007-08
☆	UTH	81	81	2,826.6	1,708	709	1,297	.547	0	1	.000	290	393	.738	197	647	844	233	100	41	210	293	
2008-09	UTH	37	37	1,196.5	599	251	512	.490	0	0	.000	97	139	.698	111	274	385	79	39	7	79	132	
2009-10	UTH	78	78	2,672.7	1,519	617	1,098	.562	0	0	.000	285	384	.742	181	693	874	247	84	36	212	270	
2010-11	CHI	59	59	1,881.8	1,033	431	845	.510	0	0	.000	171	244	.701	130	435	565	146	45	18	149	186	
2011-12	CHI	66	66	1,948.4	991	448	842	.532	0	1	.000	95	137	.693	114	450	564	125	63	24	115	168	
2012-13	CHI	79	79	2,546.2	1,281	544	1,140	.477	0	2	.000	193	264	.731	175	596	771	179	66	28	176	239	
2013-14	CHI	76	76	2,141.1	1,042	447	980	.456	0	2	.000	148	193	.767	137	495	632	118	53	22	154	216	
2014-15	LAL	71	26	1,691.7	836	371	743	.499	0	0	.000	94	150	.627	111	371	482	95	41	12	92	184	
CAREER	 	861	776	26,901.1	13,976	5,847	11,221	.521	1	14	.071	2,281	3,158	.722	2,037	6,155	8,192	1,929	765	346	1,824	2,612	
