Season	Team	GP	GS	MIN	PTS	FGM	FGA	FG%	3PM	3PA	3P%	FTM	FTA	FT%	OFF	DEF	TRB	AST	STL	BLK	TOV	PF	
1984-85	PHL	82	60	2,347	1,148	427	783	.545	1	6	.167	293	400	.733	266	437	703	155	95	80	209	301	
1985-86	PHL	80	80	2,948	1,603	595	1,041	.572	17	74	.230	396	578	.685	354	672	1,026	312	174	125	349	333	
1986-87
☆	PHL	68	62	2,740	1,564	557	937	.594	21	104	.202	429	564	.761	390	604	994	331	119	104	322	252	
1987-88
☆	PHL	80	80	3,170	2,264	753	1,283	.587	44	157	.280	714	951	.751	385	566	951	254	100	103	304	278	
1988-89
☆	PHL	79	79	3,088	2,037	700	1,208	.579	35	162	.216	602	799	.753	403	583	986	325	126	67	254	261	
1989-90
☆	PHL	79	79	3,082	1,989	706	1,177	.600	20	92	.217	557	744	.749	361	548	909	307	148	50	243	250	
1990-91
☆	PHL	67	67	2,498	1,849	665	1,167	.570	44	155	.284	475	658	.722	258	422	680	284	110	33	210	173	
1991-92
☆	PHL	75	75	2,881	1,730	622	1,126	.552	32	137	.234	454	653	.695	271	559	830	308	136	44	235	196	
1992-93
★	PHX	76	76	2,859	1,944	716	1,376	.520	67	220	.305	445	582	.765	237	691	928	385	119	74	233	197	
1993-94
☆	PHX	65	65	2,298	1,402	518	1,046	.495	48	178	.270	318	452	.704	198	529	727	296	101	37	206	160	
1994-95
☆	PHX	68	66	2,382	1,561	554	1,141	.486	74	219	.338	379	507	.748	203	553	756	276	110	45	150	201	
1995-96
☆	PHX	71	71	2,632	1,649	580	1,160	.500	49	175	.280	440	566	.777	243	578	821	262	114	56	218	208	
1996-97
☆	HOU	53	53	2,009	1,016	335	692	.484	58	205	.283	288	415	.694	212	504	716	248	69	24	145	153	
1997-98	HOU	68	41	2,243	1,036	361	744	.485	18	84	.214	296	397	.746	241	553	794	217	71	28	147	187	
1998-99	HOU	42	40	1,526	676	240	502	.478	4	25	.160	192	267	.719	167	349	516	192	43	13	100	89	
1999-00	HOU	20	18	620	289	106	222	.477	6	26	.231	71	110	.645	71	138	209	63	14	4	44	48	
CAREER	 	1073	1012	39,323	23,757	8,435	15,605	.541	538	2,019	.266	6,349	8,643	.735	4,260	8,286	12,546	4,215	1,649	887	3,369	3,287	
