Season	Team	GP	GS	MIN	PTS	FGM	FGA	FG%	3PM	3PA	3P%	FTM	FTA	FT%	OFF	DEF	TRB	AST	STL	BLK	TOV	PF	
1997-98 *	All Teams	80	70	2,216	893	280	749	.374	107	325	.329	226	266	.850	62	128	190	314	107	4	174	172	
1997-98 *	BOS	51	44	1,296	565	177	454	.390	64	189	.339	147	180	.817	40	73	113	217	77	2	118	118	
1997-98 *	TOR	29	26	920	328	103	295	.349	43	136	.316	79	86	.919	22	55	77	97	30	2	56	54	
1998-99	DEN	45	41	1,488	624	191	495	.386	85	235	.362	157	172	.913	24	72	96	173	58	14	98	115	
1999-00	DEN	13	5	305	112	34	101	.337	7	41	.171	37	44	.841	8	26	34	39	10	2	24	27	
2000-01	MIN	77	33	1,790	713	248	587	.422	73	194	.376	144	171	.842	32	126	158	260	51	11	111	178	
2001-02	MIN	82	54	2,356	1,027	348	823	.423	124	315	.394	207	234	.885	35	191	226	450	65	17	138	169	
2002-03	DET	74	74	2,327	1,199	366	870	.421	149	380	.392	318	362	.878	38	235	273	287	63	15	134	136	
2003-04	DET	78	78	2,758	1,318	392	996	.394	130	335	.388	404	460	.878	35	241	276	446	84	8	189	177	
2004-05	DET	80	80	2,866	1,316	404	913	.442	165	387	.426	343	382	.898	48	223	271	464	81	9	180	194	
2005-06
☆	DET	81	81	2,923.7	1,495	423	1,012	.418	184	425	.433	465	520	.894	41	211	252	699	71	8	170	160	
2006-07
☆	DET	70	70	2,533.5	1,191	348	815	.427	109	316	.345	386	437	.883	23	214	237	502	84	17	140	161	
2007-08
☆	DET	78	78	2,522.2	1,324	393	877	.448	137	342	.401	401	437	.918	42	170	212	529	101	17	160	130	
2008-09 *
☆	All Teams	79	79	2,788.5	1,400	410	980	.418	162	397	.408	418	458	.913	32	207	239	506	93	18	177	161	
2008-09 *
☆	DEN	77	77	2,718.6	1,375	403	959	.420	160	390	.410	409	448	.913	31	198	229	491	90	17	173	158	
2008-09 *
☆	DET	2	2	69.9	25	7	21	.333	2	7	.286	9	10	.900	1	9	10	15	3	1	4	3	
2009-10
☆	DEN	73	73	2,489.5	1,427	402	962	.418	157	407	.386	466	512	.910	25	203	228	409	82	9	177	153	
2010-11 *	All Teams	72	72	2,310.1	1,208	339	794	.427	146	363	.402	384	419	.916	25	165	190	387	71	14	177	146	
2010-11 *	DEN	51	51	1,646.2	840	235	536	.438	105	238	.441	265	287	.923	12	113	125	271	52	12	129	94	
2010-11 *	NYK	21	21	663.9	368	104	258	.403	41	125	.328	119	132	.902	13	52	65	116	19	2	48	52	
2011-12	LAC	20	20	606.6	299	83	228	.364	48	125	.384	85	95	.895	4	46	50	80	9	3	38	40	
2012-13	LAC	22	22	418.3	184	53	132	.402	33	90	.367	45	48	.938	2	30	32	49	12	1	26	25	
2013-14	DET	19	7	309.5	72	24	79	.304	14	48	.292	10	12	.833	4	24	28	42	8	1	25	25	
CAREER	 	1043	937	33,007.9	15,802	4,738	11,413	.415	1,830	4,725	.387	4,496	5,029	.894	480	2,512	2,992	5,636	1,050	168	2,138	2,169	
