Season	Team	GP	GS	MIN	PTS	FGM	FGA	FG%	3PM	3PA	3P%	FTM	FTA	FT%	OFF	DEF	TRB	AST	STL	BLK	TOV	PF	
2003-04	TOR	75	63	2,510	861	327	712	.459	5	14	.357	202	288	.701	191	366	557	78	59	106	107	215	
2004-05	TOR	81	81	3,017	1,361	473	1,005	.471	3	10	.300	412	542	.760	194	524	718	153	76	113	187	226	
2005-06
☆	TOR	70	70	2,751.4	1,572	549	1,087	.505	0	13	.000	474	581	.816	204	443	647	181	50	79	157	209	
2006-07
☆	TOR	69	69	2,657.8	1,561	543	1,094	.496	12	35	.343	463	590	.785	186	555	741	175	39	90	179	163	
2007-08
☆	TOR	67	67	2,424.5	1,496	507	1,027	.494	10	25	.400	472	559	.844	174	409	583	171	63	67	153	157	
2008-09
☆	TOR	77	77	2,927.9	1,746	615	1,263	.487	12	49	.245	504	617	.817	215	556	771	191	67	77	174	189	
2009-10
☆	TOR	70	70	2,525.5	1,678	600	1,158	.518	8	22	.364	470	590	.797	205	554	759	166	43	68	169	170	
2010-11
☆	MIA	77	77	2,794.8	1,438	524	1,056	.496	6	25	.240	384	471	.815	141	500	641	144	59	49	138	172	
2011-12
☆	MIA	57	57	2,007	1,025	393	807	.487	10	35	.286	229	279	.821	94	358	452	103	51	45	117	128	
2012-13
☆	MIA	74	74	2,454.3	1,232	485	907	.535	21	74	.284	241	302	.798	131	370	501	123	66	101	128	168	
2013-14
☆	MIA	79	79	2,531.4	1,281	492	953	.516	74	218	.339	223	272	.820	98	424	522	87	80	78	125	192	
2014-15
☆	MIA	44	44	1,556	928	343	745	.460	63	168	.375	179	232	.772	46	264	310	95	41	25	95	69	
2015-16
☆	MIA	53	53	1,777.9	1,010	358	767	.467	81	222	.365	213	268	.795	48	342	390	128	36	34	78	101	
CAREER	 	893	881	31,935.4	17,189	6,209	12,581	.494	305	910	.335	4,466	5,591	.799	1,927	5,665	7,592	1,795	730	932	1,807	2,159	
