Season	Team	GP	GS	MIN	PTS	FGM	FGA	FG%	3PM	3PA	3P%	FTM	FTA	FT%	OFF	DEF	TRB	AST	STL	BLK	TOV	PF	
2005-06	NOP	78	78	36.0	16.13	5.22	12.14	.430	0.64	2.27	.282	5.05	5.96	.847	0.78	4.35	5.13	7.83	2.24	0.08	2.35	2.79	
2006-07	NOP	64	64	36.8	17.25	5.95	13.61	.437	0.78	2.23	.350	4.56	5.58	.818	0.84	3.53	4.38	8.89	1.84	0.05	2.52	2.41	
2007-08
☆	NOP	80	80	37.6	21.05	7.88	16.14	.488	1.15	3.11	.369	4.15	4.88	.851	0.78	3.24	4.01	11.56	2.71	0.05	2.51	2.31	
2008-09
☆	NOP	78	78	38.5	22.83	8.09	16.09	.503	0.82	2.26	.364	5.83	6.72	.868	0.88	4.65	5.54	11.04	2.77	0.13	2.96	2.72	
2009-10
☆	NOP	45	45	38.1	18.69	6.98	14.16	.493	1.16	2.82	.409	3.58	4.22	.847	0.44	3.80	4.24	10.67	2.13	0.18	2.49	2.62	
2010-11
☆	NOP	80	80	36.0	15.85	5.38	11.60	.463	0.89	2.29	.388	4.21	4.80	.878	0.47	3.61	4.09	9.78	2.35	0.06	2.21	2.45	
2011-12
☆	LAC	60	60	36.3	19.82	7.08	14.83	.478	1.32	3.55	.371	4.33	5.03	.861	0.70	2.85	3.55	9.05	2.53	0.07	2.07	2.30	
2012-13
☆	LAC	70	70	33.4	16.94	5.89	12.23	.481	1.09	3.31	.328	4.09	4.61	.885	0.76	2.99	3.74	9.69	2.41	0.14	2.27	2.04	
2013-14
☆	LAC	62	62	35.0	19.11	6.55	14.03	.467	1.26	3.42	.368	4.76	5.56	.855	0.61	3.71	4.32	10.69	2.48	0.06	2.34	2.53	
2014-15
☆	LAC	82	82	34.8	19.07	6.93	14.27	.485	1.70	4.26	.398	3.52	3.91	.900	0.63	3.95	4.59	10.22	1.90	0.18	2.32	2.48	
2015-16
☆	LAC	74	74	32.7	19.54	6.96	15.05	.462	1.65	4.45	.371	3.97	4.43	.896	0.53	3.66	4.19	9.97	2.05	0.18	2.62	2.50	
2016-17	LAC	61	61	31.5	18.10	6.13	12.87	.476	2.03	4.95	.411	3.80	4.26	.892	0.66	4.33	4.98	9.23	1.95	0.13	2.41	2.39	
2017-18	HOU	58	58	31.8	18.64	6.33	13.76	.460	2.48	6.53	.380	3.50	3.81	.919	0.64	4.76	5.40	7.88	1.66	0.24	2.21	2.43	
2018-19	HOU	58	58	32.0	15.62	5.21	12.41	.419	2.19	6.12	.358	3.02	3.50	.862	0.62	3.95	4.57	8.16	1.97	0.31	2.62	2.52	
2019-20
☆	OKC	70	70	31.5	17.60	6.20	12.67	.489	1.59	4.34	.365	3.61	3.99	.907	0.37	4.61	4.99	6.74	1.59	0.16	2.30	2.26	
2020-21
☆	PHX	70	70	31.4	16.41	6.27	12.56	.499	1.46	3.69	.395	2.41	2.59	.934	0.36	4.10	4.46	8.89	1.41	0.27	2.23	2.37	
2021-22
☆	PHX	65	65	32.9	14.74	5.58	11.32	.493	0.97	3.06	.317	2.60	3.11	.837	0.34	4.02	4.35	10.80	1.86	0.31	2.35	2.06	
2022-23	PHX	59	59	32.0	13.88	4.98	11.32	.440	1.66	4.42	.375	2.25	2.71	.831	0.46	3.80	4.25	8.88	1.54	0.37	1.93	2.14	
CAREER	 	1214	1214	34.4	17.92	6.34	13.43	.472	1.35	3.66	.369	3.90	4.48	.870	0.61	3.88	4.50	9.47	2.10	0.16	2.38	2.41	
