Season	Team	GP	GS	MIN	PTS	FGM	FGA	FG%	3PM	3PA	3P%	FTM	FTA	FT%	OFF	DEF	TRB	AST	STL	BLK	TOV	PF	
1993-94	GOS	76	76	2,438	1,333	572	1,037	.552	0	14	.000	189	355	.532	305	389	694	272	93	164	206	247	
1994-95	WAS	54	52	2,067	1,085	464	938	.495	40	145	.276	117	233	.502	200	318	518	256	83	85	167	186	
1995-96	WAS	15	15	558	356	150	276	.543	15	34	.441	41	69	.594	37	77	114	75	27	9	49	51	
1996-97
☆	WAS	72	72	2,806	1,445	604	1,167	.518	60	151	.397	177	313	.565	238	505	743	331	122	137	230	258	
1997-98	WAS	71	71	2,809	1,555	647	1,341	.482	65	205	.317	196	333	.589	176	498	674	273	111	124	185	269	
1998-99	SAC	42	42	1,719	839	378	778	.486	4	34	.118	79	174	.454	149	396	545	173	60	89	148	145	
1999-00
☆	SAC	75	75	2,880	1,834	748	1,548	.483	27	95	.284	311	414	.751	189	598	787	345	120	128	218	264	
2000-01
☆	SAC	70	70	2,836	1,898	786	1,635	.481	2	28	.071	324	461	.703	179	598	777	294	93	118	195	226	
2001-02
☆	SAC	54	54	2,071	1,322	532	1,075	.495	5	19	.263	253	338	.749	150	396	546	258	90	76	158	182	
2002-03
☆	SAC	67	67	2,622	1,542	661	1,433	.461	5	21	.238	215	354	.607	160	544	704	364	106	88	215	204	
2003-04	SAC	23	23	831	430	174	421	.413	1	5	.200	81	114	.711	48	152	200	105	31	20	60	76	
2004-05 *	All Teams	67	67	2,370	1,306	555	1,283	.433	15	44	.341	181	228	.794	130	482	612	318	94	53	182	214	
2004-05 *	SAC	46	46	1,667	978	412	917	.449	11	29	.379	143	179	.799	94	353	447	252	68	34	133	144	
2004-05 *	PHL	21	21	703	328	143	366	.391	4	15	.267	38	49	.776	36	129	165	66	26	19	49	70	
2005-06	PHL	75	75	2,892.9	1,518	617	1,422	.434	21	77	.273	263	348	.756	184	557	741	256	103	62	182	219	
2006-07 *	All Teams	61	60	1,820.6	684	289	639	.452	4	11	.364	102	160	.638	124	313	437	188	60	41	107	143	
2006-07 *	DET	43	42	1,276.7	486	200	409	.489	2	6	.333	84	132	.636	87	201	288	127	42	26	74	107	
2006-07 *	PHL	18	18	543.9	198	89	230	.387	2	5	.400	18	28	.643	37	112	149	61	18	15	33	36	
2007-08	GOS	9	8	125.8	35	15	31	.484	0	0	.000	5	12	.417	2	30	32	18	4	6	11	17	
CAREER	 	831	827	30,846.3	17,182	7,192	15,024	.479	264	883	.299	2,534	3,906	.649	2,271	5,853	8,124	3,526	1,197	1,200	2,313	2,701	
