Season	Team	GP	GS	MIN	PTS	FGM	FGA	FG%	3PM	3PA	3P%	FTM	FTA	FT%	OFF	DEF	TRB	AST	STL	BLK	TOV	PF	
1985-86	GOS	55	30	1,384	768	287	620	.463	5	27	.185	189	211	.896	42	73	115	105	70	23	73	130	
1986-87	GOS	82	82	2,377	1,242	477	928	.514	19	63	.302	269	326	.825	39	142	181	261	98	36	154	217	
1987-88	GOS	60	55	2,033	1,213	470	926	.508	34	97	.351	239	270	.885	58	147	205	290	113	32	156	136	
1988-89
☆	GOS	82	82	3,093	2,176	830	1,630	.509	23	100	.230	493	553	.892	152	331	483	415	176	39	296	178	
1989-90
☆	GOS	78	78	2,830	1,956	682	1,272	.536	87	234	.372	505	568	.889	130	333	463	319	123	45	239	142	
1990-91
☆	GOS	82	82	3,315	2,107	777	1,449	.536	40	133	.301	513	580	.884	141	302	443	329	173	63	245	176	
1991-92
☆	GOS	81	81	3,346	2,074	830	1,584	.524	64	175	.366	350	420	.833	127	323	450	286	173	62	202	171	
1992-93
☆	GOS	46	46	1,902	1,191	474	930	.510	60	133	.451	183	226	.810	42	190	232	166	68	41	139	76	
1993-94	GOS	62	39	2,324	1,040	410	869	.472	55	151	.364	165	219	.753	64	281	345	315	107	53	178	114	
1994-95	GOS	25	23	890	476	170	348	.489	42	93	.452	94	107	.879	25	90	115	125	38	19	93	53	
1995-96	GOS	55	19	1,617	734	269	539	.499	59	150	.393	137	160	.856	44	115	159	194	75	32	122	127	
1996-97	GOS	79	63	2,732	1,143	438	792	.553	83	202	.411	184	213	.864	75	242	317	320	131	32	192	155	
1997-98	IND	82	82	2,177	927	333	692	.481	107	243	.440	154	164	.939	38	211	249	186	95	39	117	186	
1998-99	IND	50	50	1,179	507	177	371	.477	73	157	.465	80	92	.870	25	135	160	81	47	13	60	101	
1999-00	IND	47	2	582	242	80	187	.428	45	110	.409	37	41	.902	14	62	76	37	28	9	28	60	
2000-01	GOS	20	8	374	115	36	106	.340	19	52	.365	24	28	.857	10	31	41	19	16	10	19	28	
CAREER	 	986	822	32,155	17,911	6,740	13,243	.509	815	2,120	.384	3,616	4,178	.865	1,026	3,008	4,034	3,448	1,531	548	2,313	2,050	
