Season	Team	GP	GS	MIN	PTS	FGM	FGA	FG%	3PM	3PA	3P%	FTM	FTA	FT%	OFF	DEF	TRB	AST	STL	BLK	TOV	PF	
1983-84	POR	82	3	1,408	628	252	559	.451	1	4	.250	123	169	.728	112	123	235	153	107	29	123	209	
1984-85	POR	80	43	2,555	1,377	573	1,161	.494	8	37	.216	223	294	.759	217	259	476	441	177	68	223	265	
1985-86
☆	POR	75	58	2,576	1,389	542	1,142	.475	12	60	.200	293	381	.769	171	250	421	600	198	46	286	270	
1986-87	POR	82	82	3,114	1,782	707	1,408	.502	11	47	.234	357	470	.760	227	291	518	566	204	71	253	281	
1987-88
☆	POR	81	80	3,060	2,185	849	1,679	.506	11	52	.212	476	587	.811	261	272	533	467	203	52	236	250	
1988-89
☆	POR	78	78	3,064	2,123	829	1,672	.496	27	104	.260	438	548	.799	289	326	615	450	213	54	250	269	
1989-90
☆	POR	73	73	2,683	1,703	670	1,357	.494	30	106	.283	333	430	.774	208	299	507	432	145	51	191	222	
1990-91
☆	POR	82	82	2,852	1,767	645	1,338	.482	61	191	.319	416	524	.794	212	334	546	493	144	60	232	226	
1991-92
☆	POR	76	76	2,751	1,903	694	1,476	.470	114	338	.337	401	505	.794	166	334	500	512	138	70	240	229	
1992-93
☆	POR	49	49	1,671	976	350	816	.429	31	133	.233	245	292	.839	126	183	309	278	95	37	115	159	
1993-94
☆	POR	68	68	2,334	1,303	473	1,105	.428	71	219	.324	286	368	.777	154	291	445	333	98	34	167	202	
1994-95 *	All Teams	76	75	2,728	1,653	571	1,238	.461	147	408	.360	364	442	.824	152	328	480	362	136	45	186	206	
1994-95 *	POR	41	41	1,428	904	305	712	.428	87	240	.363	207	248	.835	84	150	234	208	74	22	97	117	
1994-95 *	HOU	35	34	1,300	749	266	526	.506	60	168	.357	157	194	.809	68	178	246	154	62	23	89	89	
1995-96
☆	HOU	52	51	1,997	1,005	331	764	.433	78	235	.332	265	338	.784	97	276	373	302	105	24	134	153	
1996-97
☆	HOU	62	62	2,271	1,114	397	899	.442	119	335	.355	201	268	.750	118	255	373	354	119	34	162	151	
1997-98	HOU	70	70	2,473	1,287	452	1,059	.427	106	334	.317	277	346	.801	105	241	346	382	126	42	189	193	
CAREER	 	1086	950	37,537	22,195	8,335	17,673	.472	827	2,603	.318	4,698	5,962	.788	2,615	4,062	6,677	6,125	2,208	717	2,987	3,285	
