Season	Team	GP	GS	MIN	PTS	FGM	FGA	FG%	3PM	3PA	3P%	FTM	FTA	FT%	OFF	DEF	TRB	AST	STL	BLK	TOV	PF	
2012-13	POR	82	82	38.6	19.05	6.74	15.71	.429	2.26	6.13	.368	3.30	3.91	.844	0.51	2.62	3.13	6.48	0.90	0.23	2.96	2.10	
2013-14
☆	POR	82	82	35.8	20.67	6.74	15.90	.424	2.66	6.76	.394	4.52	5.20	.871	0.43	3.09	3.51	5.57	0.78	0.27	2.35	2.40	
2014-15
☆	POR	82	82	35.7	20.98	7.20	16.59	.434	2.39	6.98	.343	4.20	4.85	.864	0.60	4.01	4.61	6.18	1.18	0.26	2.71	2.00	
2015-16	POR	75	75	35.7	25.05	8.24	19.65	.419	3.05	8.13	.375	5.52	6.19	.892	0.60	3.43	4.03	6.83	0.87	0.37	3.23	2.20	
2016-17	POR	75	75	35.9	26.99	8.81	19.84	.444	2.85	7.72	.370	6.51	7.27	.895	0.61	4.29	4.91	5.87	0.91	0.27	2.63	2.03	
2017-18
☆	POR	73	73	36.6	26.88	8.51	19.38	.439	3.11	8.62	.361	6.75	7.37	.916	0.85	3.60	4.45	6.59	1.07	0.37	2.82	1.60	
2018-19
☆	POR	80	80	35.5	25.84	8.51	19.16	.444	2.96	8.04	.369	5.85	6.41	.912	0.85	3.79	4.64	6.89	1.10	0.42	2.65	1.85	
2019-20
☆	POR	66	66	37.5	29.97	9.45	20.44	.463	4.09	10.21	.401	6.97	7.85	.888	0.50	3.80	4.30	8.03	1.06	0.33	2.94	1.73	
2020-21
☆	POR	67	67	35.8	28.78	8.99	19.91	.451	4.10	10.51	.391	6.70	7.22	.928	0.48	3.75	4.22	7.54	0.93	0.25	3.03	1.52	
2021-22	POR	29	29	36.4	23.97	7.66	19.03	.402	3.17	9.79	.324	5.48	6.24	.878	0.45	3.69	4.14	7.31	0.59	0.38	2.86	1.28	
2022-23
☆	POR	58	58	36.3	32.17	9.59	20.72	.463	4.21	11.34	.371	8.79	9.62	.914	0.76	4.02	4.78	7.33	0.86	0.31	3.29	1.88	
CAREER	 	769	769	36.3	25.20	8.17	18.59	.439	3.10	8.34	.372	5.76	6.43	.895	0.61	3.62	4.23	6.70	0.95	0.31	2.84	1.92	
