Season	Team	GP	GS	MIN	PTS	FGM	FGA	FG%	3PM	3PA	3P%	FTM	FTA	FT%	OFF	DEF	TRB	AST	STL	BLK	TOV	PF	
2003-04	NOP	71	1	929	273	108	228	.474	0	2	.000	57	80	.713	117	180	297	60	27	28	48	117	
2004-05	NOP	30	8	552	186	75	172	.436	2	5	.400	34	50	.680	40	89	129	23	12	16	37	62	
2005-06	NOP	74	74	2,526.7	1,262	530	1,036	.512	3	11	.273	199	236	.843	168	380	548	92	61	64	105	214	
2006-07	NOP	52	52	1,899.7	949	377	792	.476	8	25	.320	187	227	.824	126	298	424	114	42	38	98	143	
2007-08
☆	NOP	76	76	2,869.6	1,564	629	1,305	.482	6	25	.240	300	353	.850	180	495	675	177	62	99	165	208	
2008-09
☆	NOP	76	76	2,981.8	1,593	610	1,292	.472	6	25	.240	367	415	.884	160	486	646	173	49	68	163	207	
2009-10	NOP	81	81	2,948.7	1,541	619	1,226	.505	7	27	.259	296	342	.865	164	441	605	239	76	60	173	233	
2010-11	NOP	70	70	2,450.5	1,322	528	1,040	.508	2	9	.222	264	327	.807	155	374	529	164	67	62	142	202	
2011-12	IND	66	66	1,924.6	842	349	716	.487	2	9	.222	142	176	.807	118	315	433	140	52	46	93	160	
2012-13	IND	73	73	2,435.4	1,250	502	1,009	.498	4	19	.211	242	315	.768	145	418	563	213	74	69	157	149	
2013-14	IND	80	80	2,472.2	1,118	458	939	.488	4	15	.267	198	251	.789	120	422	542	223	61	74	133	186	
2014-15	IND	66	66	1,895.3	769	323	686	.471	4	20	.200	119	161	.739	108	341	449	223	48	48	120	160	
2015-16	SAN	78	19	1,404.3	554	244	448	.545	3	7	.429	63	80	.788	72	237	309	143	44	55	68	142	
2016-17	GOS	68	0	854.1	316	135	252	.536	3	8	.375	43	56	.768	47	156	203	151	42	48	78	105	
2017-18	GOS	73	0	998.7	495	216	378	.571	3	8	.375	60	79	.759	64	174	238	138	47	75	80	120	
CAREER	 	1034	742	29,142.4	14,034	5,703	11,519	.495	57	215	.265	2,571	3,148	.817	1,784	4,806	6,590	2,273	764	850	1,660	2,408	
