Season	Team	GP	GS	MIN	PTS	FGM	FGA	FG%	3PM	3PA	3P%	FTM	FTA	FT%	OFF	DEF	TRB	AST	STL	BLK	TOV	PF	
1989-90
☆	SAN	82	81	3,002	1,993	690	1,300	.531	0	2	.000	613	837	.732	303	680	983	164	138	319	257	259	
1990-91
☆	SAN	82	81	3,095	2,101	754	1,366	.552	1	7	.143	592	777	.762	335	728	1,063	208	127	320	270	264	
1991-92
☆	SAN	68	68	2,564	1,578	592	1,074	.551	1	8	.125	393	561	.701	261	568	829	181	158	305	182	219	
1992-93
☆	SAN	82	82	3,211	1,916	676	1,348	.501	3	17	.176	561	766	.732	229	727	956	301	127	264	241	239	
1993-94
☆	SAN	80	80	3,241	2,383	840	1,658	.507	10	29	.345	693	925	.749	241	614	855	381	139	265	253	228	
1994-95
★	SAN	81	81	3,074	2,238	788	1,487	.530	6	20	.300	656	847	.774	234	643	877	236	134	262	233	230	
1995-96
☆	SAN	82	82	3,019	2,051	711	1,378	.516	3	9	.333	626	823	.761	319	681	1,000	247	111	271	190	262	
1996-97	SAN	6	6	147	106	36	72	.500	0	0	.000	34	52	.654	19	32	51	8	6	6	8	9	
1997-98
☆	SAN	73	73	2,457	1,574	544	1,065	.511	1	4	.250	485	660	.735	239	536	775	199	64	192	202	204	
1998-99	SAN	49	49	1,554	775	268	527	.509	0	1	.000	239	363	.658	148	344	492	103	69	119	108	143	
1999-00
☆	SAN	80	80	2,557	1,427	528	1,031	.512	0	2	.000	371	511	.726	193	577	770	142	97	183	164	247	
2000-01
☆	SAN	80	80	2,371	1,151	400	823	.486	0	1	.000	351	470	.747	208	483	691	116	80	197	122	212	
2001-02	SAN	78	78	2,303	951	341	672	.507	0	0	.000	269	395	.681	191	456	647	94	86	140	104	193	
2002-03	SAN	64	64	1,677	546	197	420	.469	0	0	.000	152	214	.710	163	345	508	61	52	111	83	126	
CAREER	 	987	985	34,272	20,790	7,365	14,221	.518	25	100	.250	6,035	8,201	.736	3,083	7,414	10,497	2,441	1,388	2,954	2,417	2,835	
