Season	Team	GP	GS	MIN	PTS	FGM	FGA	FG%	3PM	3PA	3P%	FTM	FTA	FT%	OFF	DEF	TRB	AST	STL	BLK	TOV	PF	
2009-10	TOR	77	65	21.6	8.60	3.31	6.65	.498	0.05	0.21	.250	1.92	2.52	.763	0.86	2.04	2.90	0.69	0.56	0.23	0.81	2.29	
2010-11	TOR	82	82	34.8	17.20	6.57	14.07	.467	0.06	0.63	.096	3.99	4.90	.813	0.91	2.93	3.84	1.80	1.04	0.38	1.76	2.65	
2011-12	TOR	63	63	35.0	16.73	6.05	14.33	.422	0.38	1.46	.261	4.25	5.25	.810	0.63	2.71	3.35	2.03	0.76	0.27	1.95	2.57	
2012-13	TOR	82	82	36.7	18.11	6.68	15.01	.445	0.41	1.46	.283	4.33	5.21	.831	0.59	3.32	3.90	2.49	0.93	0.29	1.84	2.11	
2013-14
☆	TOR	79	79	38.2	22.67	7.65	17.81	.429	0.81	2.66	.305	6.57	7.97	.824	0.65	3.70	4.34	3.96	1.09	0.35	2.23	2.49	
2014-15	TOR	60	60	35.0	20.07	6.82	16.50	.413	0.42	1.47	.284	6.02	7.23	.832	0.68	3.93	4.62	3.50	1.22	0.18	2.28	2.03	
2015-16
☆	TOR	78	78	35.9	23.46	7.87	17.65	.446	0.60	1.78	.338	7.12	8.37	.850	0.82	3.65	4.47	4.04	1.04	0.27	2.24	2.14	
2016-17
☆	TOR	74	74	35.4	27.30	9.74	20.88	.467	0.45	1.68	.266	7.36	8.74	.842	0.95	4.27	5.22	3.92	1.05	0.18	2.43	1.81	
2017-18
☆	TOR	80	80	33.9	23.00	8.06	17.66	.456	1.11	3.59	.310	5.76	6.99	.825	0.74	3.20	3.94	5.21	1.06	0.28	2.19	1.89	
2018-19	SAN	77	77	34.9	21.23	8.19	17.05	.481	0.09	0.58	.156	4.75	5.73	.830	0.70	5.30	6.00	6.17	1.12	0.47	2.58	2.30	
2019-20	SAN	68	68	34.1	22.12	8.19	15.43	.531	0.13	0.51	.257	5.60	6.63	.845	0.65	4.87	5.51	5.59	1.03	0.29	2.41	2.65	
2020-21	SAN	61	61	33.7	21.57	7.46	15.08	.495	0.31	1.21	.257	6.34	7.21	.880	0.66	3.59	4.25	6.92	0.92	0.25	1.95	2.10	
2021-22
☆	CHI	76	76	36.1	27.87	10.18	20.20	.504	0.66	1.87	.352	6.84	7.80	.877	0.74	4.42	5.16	4.92	0.89	0.32	2.38	2.34	
2022-23
☆	CHI	74	74	36.2	24.54	8.88	17.61	.504	0.62	1.92	.324	6.16	7.07	.872	0.46	4.18	4.64	5.09	1.12	0.49	2.07	2.51	
CAREER	 	1031	1019	34.4	21.03	7.56	16.15	.468	0.44	1.52	.291	5.48	6.52	.840	0.72	3.71	4.43	3.98	0.99	0.31	2.07	2.28	
