Season	Team	GP	GS	MIN	PTS	FGM	FGA	FG%	3PM	3PA	3P%	FTM	FTA	FT%	OFF	DEF	TRB	AST	STL	BLK	TOV	PF	
1976-77	SEA	81	-	1,667	749	285	566	.504	-	-	-	179	287	.624	161	141	302	123	123	57	-	221	
1977-78	SEA	81	-	2,209	1,031	367	881	.417	-	-	-	297	406	.732	152	142	294	230	118	51	164	213	
1978-79
☆	SEA	80	-	2,717	1,270	482	1,110	.434	-	-	-	306	392	.781	146	228	374	280	100	97	191	209	
1979-80
☆	SEA	81	-	2,937	1,540	574	1,361	.422	12	58	.207	380	487	.780	173	241	414	332	144	82	227	267	
1980-81
☆	PHX	79	-	2,615	1,486	532	1,220	.436	11	51	.216	411	501	.820	160	203	363	291	136	61	208	244	
1981-82
☆	PHX	80	77	2,937	1,561	577	1,228	.470	8	42	.190	399	495	.806	142	268	410	369	105	55	233	253	
1982-83	PHX	77	74	2,551	1,093	398	861	.462	5	31	.161	292	369	.791	92	243	335	388	97	39	204	204	
1983-84	BOS	80	78	2,665	1,053	384	878	.437	4	32	.125	281	330	.852	87	193	280	338	93	57	172	251	
1984-85
☆	BOS	80	77	2,976	1,254	493	1,066	.462	7	26	.269	261	306	.853	91	226	317	543	96	39	212	224	
1985-86	BOS	78	78	2,732	1,213	482	1,060	.455	6	42	.143	243	297	.818	69	199	268	456	111	35	173	206	
1986-87	BOS	79	78	2,933	1,062	423	953	.444	7	62	.113	209	251	.833	45	216	261	593	87	38	177	201	
1987-88	BOS	77	74	2,670	971	352	803	.438	12	46	.261	255	298	.856	62	178	240	598	93	29	195	204	
1988-89	BOS	72	72	2,307	721	277	638	.434	7	50	.140	160	195	.821	31	159	190	472	94	21	175	211	
1989-90	BOS	75	65	2,036	531	206	475	.434	1	24	.042	118	140	.843	48	153	201	485	81	14	117	179	
CAREER	 	1100	673	35,952	15,535	5,832	13,100	.445	80	464	.172	3,791	4,754	.797	1,459	2,790	4,249	5,498	1,478	675	2,448	3,087	
