Season	Team	GP	GS	MIN	PTS	FGM	FGA	FG%	3PM	3PA	3P%	FTM	FTA	FT%	OFF	DEF	TRB	AST	STL	BLK	TOV	PF	
2005-06	UTH	80	47	2,306.8	864	339	805	.421	91	219	.416	95	135	.704	35	159	194	359	60	17	145	233	
2006-07	UTH	80	80	2,949.7	1,297	494	1,083	.456	82	255	.322	227	296	.767	41	226	267	745	78	13	246	254	
2007-08	UTH	82	82	3,058.9	1,545	566	1,117	.507	83	210	.395	330	411	.803	34	209	243	862	90	23	279	200	
2008-09	UTH	68	68	2,505.2	1,322	463	984	.471	70	226	.310	326	384	.849	24	171	195	725	73	20	228	134	
2009-10
☆	UTH	76	76	2,801.7	1,419	494	1,053	.469	96	259	.371	335	418	.801	50	253	303	798	96	16	252	208	
2010-11 *
☆	All Teams	65	65	2,464.9	1,309	428	975	.439	105	317	.331	348	412	.845	40	220	260	667	79	15	230	190	
2010-11 *
☆	UTH	53	53	2,009	1,129	369	806	.458	89	258	.345	302	354	.853	32	173	205	514	64	12	187	152	
2010-11 *
☆	NJN	12	12	455.9	180	59	169	.349	16	59	.271	46	58	.793	8	47	55	153	15	3	43	38	
2011-12
☆	NJN	55	55	1,998.8	1,154	391	961	.407	115	342	.336	257	305	.843	23	160	183	481	67	20	219	121	
2012-13	BRK	78	78	2,842.2	1,476	495	1,124	.440	169	447	.378	317	369	.859	29	203	232	604	75	30	218	194	
2013-14	BRK	64	58	2,059.3	915	322	716	.450	98	268	.366	173	216	.801	15	153	168	392	93	13	143	148	
2014-15	BRK	68	55	2,114	884	298	771	.387	87	237	.367	201	241	.834	29	208	237	448	64	17	154	157	
2015-16	DAL	65	63	2,106	918	321	775	.414	97	282	.344	179	206	.869	19	171	190	378	61	14	150	155	
2016-17 *	All Teams	64	44	1,657.3	701	263	600	.438	85	234	.363	90	109	.826	14	133	147	360	31	8	138	138	
2016-17 *	DAL	40	40	1,171	522	195	453	.430	63	181	.348	69	84	.821	13	89	102	274	25	2	98	96	
2016-17 *	CLE	24	4	486.4	179	68	147	.463	22	53	.415	21	25	.840	1	44	45	86	6	6	40	42	
CAREER	 	845	771	28,864.8	13,804	4,874	10,964	.445	1,178	3,296	.357	2,878	3,502	.822	353	2,266	2,619	6,819	867	206	2,402	2,132	
