Season	Team	GP	GS	MIN	PTS	FGM	FGA	FG%	3PM	3PA	3P%	FTM	FTA	FT%	OFF	DEF	TRB	AST	STL	BLK	TOV	PF	
1985-86	DAL	64	12	969	397	142	315	.451	3	7	.429	110	152	.724	69	130	199	88	23	10	87	166	
1986-87	DAL	81	5	1,706	756	265	561	.472	33	69	.478	193	260	.742	87	216	303	161	50	16	110	224	
1987-88	DAL	82	4	1,587	698	246	539	.456	5	32	.156	201	266	.756	102	177	279	159	42	32	108	189	
1988-89 *	All Teams	69	13	1,850	828	274	578	.474	7	35	.200	273	350	.780	126	269	395	179	53	19	133	220	
1988-89 *	DAL	37	1	845	353	112	263	.426	2	16	.125	127	161	.789	56	110	166	86	24	9	56	118	
1988-89 *	IND	32	12	1,005	475	162	315	.514	5	19	.263	146	189	.772	70	159	229	93	29	10	77	102	
1989-90	IND	78	18	2,573	1,267	424	822	.516	17	48	.354	402	490	.820	149	471	620	247	59	16	180	271	
1990-91	IND	82	3	2,632	1,320	432	831	.520	15	40	.375	441	539	.818	178	482	660	301	58	22	175	262	
1991-92	IND	80	5	2,605	1,380	496	925	.536	23	71	.324	365	441	.828	202	568	770	312	62	37	191	286	
1992-93
☆	IND	82	60	3,098	1,567	517	1,085	.476	8	52	.154	525	653	.804	210	570	780	493	79	27	243	305	
1993-94	SEA	81	80	2,728	1,212	445	903	.493	22	68	.324	300	390	.769	144	310	454	275	73	9	173	273	
1994-95
☆	SEA	82	82	2,886	1,572	521	997	.523	93	181	.514	437	521	.839	135	373	508	310	93	35	176	252	
1995-96	SEA	63	60	2,200	1,080	360	740	.486	73	179	.408	287	370	.776	73	255	328	276	56	8	146	179	
1996-97
☆	SEA	61	60	2,192	1,022	356	724	.492	57	161	.354	253	316	.801	87	307	394	266	63	16	150	151	
1997-98	SEA	78	78	2,742	1,232	437	898	.487	61	147	.415	297	352	.844	135	419	554	341	60	19	168	205	
1998-99	SEA	50	39	1,765	752	259	549	.472	34	86	.395	200	243	.823	77	293	370	184	41	26	103	152	
1999-00	POR	77	6	1,663	574	187	433	.432	21	52	.404	179	215	.833	79	253	332	197	37	17	100	182	
2000-01	POR	26	0	397	104	39	95	.411	3	8	.375	23	27	.852	17	61	78	44	7	3	28	43	
CAREER	 	1136	525	33,593	15,761	5,400	10,995	.491	475	1,236	.384	4,486	5,585	.803	1,870	5,154	7,024	3,833	856	312	2,271	3,360	
