Season	Team	GP	GS	MIN	PTS	FGM	FGA	FG%	3PM	3PA	3P%	FTM	FTA	FT%	OFF	DEF	TRB	AST	STL	BLK	TOV	PF	
1982-83	ATL	82	82	2,697	1,434	601	1,220	.493	2	11	.182	230	337	.682	226	252	478	129	84	63	180	210	
1983-84	ATL	81	81	2,961	1,750	684	1,429	.479	0	11	.000	382	496	.770	254	328	582	126	117	87	215	197	
1984-85	ATL	81	81	3,023	2,217	853	1,891	.451	25	81	.309	486	603	.806	226	331	557	200	135	54	225	170	
1985-86
☆	ATL	78	78	3,049	2,366	888	1,897	.468	13	70	.186	577	705	.818	256	362	618	206	138	50	252	170	
1986-87
☆	ATL	79	79	2,969	2,294	828	1,787	.463	31	107	.290	607	742	.818	209	283	492	261	117	52	215	149	
1987-88
☆	ATL	78	76	2,948	2,397	909	1,957	.464	38	129	.295	541	655	.826	211	291	502	224	103	47	218	162	
1988-89
☆	ATL	80	80	2,997	2,099	814	1,756	.464	29	105	.276	442	524	.844	256	297	553	211	117	52	181	138	
1989-90
☆	ATL	80	79	2,888	2,138	810	1,672	.484	59	183	.322	459	569	.807	217	304	521	200	126	47	174	141	
1990-91
☆	ATL	81	81	3,078	2,101	770	1,640	.470	85	249	.341	476	574	.829	261	471	732	265	123	65	201	156	
1991-92
☆	ATL	42	42	1,601	1,179	424	914	.464	37	128	.289	294	352	.835	103	192	295	158	52	24	122	77	
1992-93
☆	ATL	71	70	2,647	2,121	741	1,584	.468	120	316	.380	519	627	.828	187	295	482	227	70	27	184	116	
1993-94 *
☆	All Teams	74	74	2,635	1,923	698	1,588	.440	85	295	.288	442	522	.847	182	299	481	169	92	30	172	126	
1993-94 *
☆	ATL	49	49	1,687	1,196	430	996	.432	61	198	.308	275	322	.854	119	186	305	114	63	22	120	87	
1993-94 *
☆	LAC	25	25	948	727	268	592	.453	24	97	.247	167	200	.835	63	113	176	55	29	8	52	39	
1994-95	BOS	77	64	2,423	1,370	496	1,169	.424	112	289	.388	266	340	.782	157	244	401	166	61	14	173	130	
1996-97	SAN	63	26	1,945	1,145	397	953	.417	70	239	.293	281	350	.803	169	233	402	119	39	31	135	100	
1998-99	ORL	27	2	252	134	50	132	.379	5	19	.263	29	42	.690	30	41	71	16	4	1	23	19	
CAREER	 	1074	995	38,113	26,668	9,963	21,589	.461	711	2,232	.319	6,031	7,438	.811	2,944	4,223	7,167	2,677	1,378	644	2,670	2,061	
