Season	Team	GP	GS	MIN	PTS	FGM	FGA	FG%	3PM	3PA	3P%	FTM	FTA	FT%	OFF	DEF	TRB	AST	STL	BLK	TOV	PF	
2004-05	ORL	82	82	2,670	981	352	677	.520	0	2	.000	277	413	.671	287	536	823	75	77	136	165	232	
2005-06	ORL	82	81	3,019.8	1,292	468	881	.531	0	2	.000	356	598	.595	288	734	1,022	125	65	115	217	277	
2006-07
☆	ORL	82	82	3,023.5	1,443	526	873	.603	1	2	.500	390	666	.586	283	725	1,008	158	70	156	317	245	
2007-08
☆	ORL	82	82	3,087.8	1,695	583	974	.599	0	4	.000	529	897	.590	279	882	1,161	110	74	176	263	274	
2008-09
☆	ORL	79	79	2,821.3	1,624	560	979	.572	0	2	.000	504	849	.594	336	757	1,093	112	77	231	240	270	
2009-10
☆	ORL	82	82	2,842.8	1,503	510	834	.612	0	7	.000	483	816	.592	284	798	1,082	144	75	228	274	287	
2010-11
☆	ORL	78	78	2,934.9	1,784	619	1,044	.593	0	7	.000	546	916	.596	309	789	1,098	107	107	186	279	258	
2011-12
☆	ORL	54	54	2,069.7	1,113	416	726	.573	0	7	.000	281	572	.491	200	585	785	104	81	116	175	159	
2012-13
☆	LAL	76	76	2,721.8	1,296	470	813	.578	1	6	.167	355	721	.492	251	694	945	108	84	186	225	291	
2013-14
☆	HOU	71	71	2,396.4	1,297	473	800	.591	2	7	.286	349	638	.547	231	635	866	131	60	128	229	240	
2014-15	HOU	41	41	1,222.8	646	251	423	.593	1	2	.500	143	271	.528	110	321	431	50	28	53	115	137	
2015-16	HOU	71	71	2,279.7	976	372	600	.620	0	6	.000	232	474	.489	238	597	835	98	69	113	166	219	
2016-17	ATL	74	74	2,198.8	1,002	388	613	.633	0	2	.000	226	424	.533	296	644	940	104	64	92	170	203	
2017-18	CHA	81	81	2,463.4	1,347	506	911	.555	1	7	.143	334	582	.574	255	757	1,012	105	48	131	208	249	
2018-19	WAS	9	9	229.6	115	43	69	.623	0	0	.000	29	48	.604	24	59	83	4	7	4	16	34	
2019-20	LAL	69	2	1,305.7	517	202	277	.729	3	5	.600	110	214	.514	172	335	507	45	31	79	84	222	
2020-21	PHL	69	6	1,195.5	482	178	303	.587	5	20	.250	121	210	.576	190	390	580	61	30	62	112	200	
2021-22	LAL	60	27	970.8	372	134	219	.612	8	15	.533	96	146	.658	118	238	356	35	34	36	47	115	
CAREER	 	1242	1078	39,454.2	19,485	7,051	12,016	.587	22	103	.214	5,361	9,455	.567	4,151	10,476	14,627	1,676	1,081	2,228	3,302	3,912	
