Season	Team	GP	GS	MIN	PTS	FGM	FGA	FG%	3PM	3PA	3P%	FTM	FTA	FT%	OFF	DEF	TRB	AST	STL	BLK	TOV	PF	
2003-04	MIA	61	56	2,128	991	371	798	.465	16	53	.302	233	312	.747	85	162	247	275	86	34	196	140	
2004-05
☆	MIA	77	77	2,974	1,854	630	1,318	.478	13	45	.289	581	762	.762	110	287	397	520	121	82	321	230	
2005-06
☆	MIA	75	75	2,892.7	2,040	699	1,413	.495	13	76	.171	629	803	.783	107	323	430	503	146	58	268	217	
2006-07
☆	MIA	51	50	1,930.6	1,397	472	962	.491	21	79	.266	432	535	.807	51	188	239	384	107	62	216	117	
2007-08
☆	MIA	51	49	1,954	1,254	439	937	.469	22	77	.286	354	467	.758	45	169	214	354	87	37	224	137	
2008-09
☆	MIA	79	79	3,048	2,386	854	1,739	.491	88	278	.317	590	771	.765	89	309	398	589	173	106	272	178	
2009-10
☆	MIA	77	77	2,792.5	2,045	719	1,511	.476	73	243	.300	534	702	.761	107	266	373	501	142	82	252	181	
2010-11
☆	MIA	76	76	2,823.2	1,941	692	1,385	.500	63	206	.306	494	652	.758	123	362	485	346	111	87	237	197	
2011-12
☆	MIA	49	49	1,625.2	1,082	416	837	.497	15	56	.268	235	297	.791	73	164	237	225	82	63	129	110	
2012-13
☆	MIA	69	69	2,390.5	1,463	569	1,093	.521	17	66	.258	308	425	.725	86	258	344	352	128	56	194	140	
2013-14
☆	MIA	54	53	1,774.7	1,028	415	761	.545	9	32	.281	189	258	.733	60	181	241	252	79	29	161	106	
2014-15
☆	MIA	62	62	1,970.9	1,331	509	1,084	.470	29	102	.284	284	370	.768	58	161	219	299	73	21	209	105	
2015-16
☆	MIA	74	73	2,258	1,409	540	1,183	.456	7	44	.159	322	406	.793	82	220	302	344	79	42	203	116	
2016-17	CHI	60	59	1,792.2	1,096	414	955	.434	45	145	.310	223	281	.794	63	207	270	228	86	41	138	112	
2017-18 *	All Teams	67	3	1,536.1	765	299	682	.438	32	111	.288	135	189	.714	50	202	252	228	61	47	140	124	
2017-18 *	CLE	46	3	1,068.8	513	198	435	.455	23	70	.329	94	134	.701	39	142	181	163	42	32	92	84	
2017-18 *	MIA	21	0	467.4	252	101	247	.409	9	41	.220	41	55	.745	11	60	71	65	19	15	48	40	
2018-19
☆	MIA	72	2	1,885.3	1,083	416	960	.433	86	261	.330	165	233	.708	69	216	285	301	59	38	166	118	
CAREER	 	1054	909	35,775.9	23,165	8,454	17,618	.480	549	1,874	.293	5,708	7,463	.765	1,258	3,675	4,933	5,701	1,620	885	3,326	2,328	
