Season	Team	GP	GS	MIN	PTS	FGM	FGA	FG%	3PM	3PA	3P%	FTM	FTA	FT%	OFF	DEF	TRB	AST	STL	BLK	TOV	PF	
1994-95	LAL	64	58	1,981	897	342	744	.460	91	246	.370	122	169	.722	79	170	249	128	131	41	75	175	
1995-96	LAL	70	66	2,184	893	337	685	.492	83	227	.366	136	184	.739	45	188	233	246	129	45	99	163	
1996-97
☆	LAL	80	80	2,998	1,374	473	1,081	.438	152	389	.391	276	337	.819	90	236	326	270	189	49	169	226	
1997-98
☆	LAL	80	80	2,910	1,349	486	1,005	.484	143	368	.389	234	306	.765	85	217	302	246	160	55	146	164	
1998-99 *	All Teams	50	50	1,881	780	260	595	.437	48	142	.338	212	271	.782	50	144	194	186	125	58	93	128	
1998-99 *	CHA	30	30	1,157	509	164	368	.446	28	78	.359	153	191	.801	30	88	118	125	90	34	72	86	
1998-99 *	LAL	20	20	724	271	96	227	.423	20	64	.313	59	80	.738	20	56	76	61	35	24	21	42	
1999-00
☆	CHA	72	72	2,807	1,446	478	1,119	.427	128	341	.375	362	419	.864	81	262	343	305	192	49	160	176	
2000-01	MIA	63	58	2,282	1,094	388	871	.445	90	238	.378	228	270	.844	75	217	292	171	110	58	135	183	
2001-02	MIA	81	81	3,156	1,480	517	1,198	.432	149	382	.390	297	355	.837	61	317	378	262	117	77	148	259	
2002-03	MIA	47	47	1,789	869	291	688	.423	98	241	.407	189	230	.822	35	191	226	173	64	31	85	137	
2003-04	MIA	81	81	2,998	1,401	473	1,156	.409	177	479	.370	278	333	.835	38	270	308	258	92	34	129	226	
2004-05	MIA	80	80	2,839	1,018	351	820	.428	142	382	.372	174	216	.806	38	367	405	212	86	38	99	251	
2005-06	MEM	75	75	2,436.7	885	292	722	.404	133	374	.356	168	215	.781	35	244	279	177	131	27	93	201	
2006-07 *	All Teams	64	41	1,594	493	178	422	.422	78	222	.351	59	75	.787	31	159	190	109	68	10	47	124	
2006-07 *	MIA	35	27	1,033.4	332	121	271	.446	56	148	.378	34	41	.829	17	112	129	76	46	8	24	70	
2006-07 *	MEM	29	14	560.5	161	57	151	.377	22	74	.297	25	34	.735	14	47	61	33	22	2	23	54	
2007-08	DAL	47	33	922.3	176	66	180	.367	34	116	.293	10	14	.714	18	114	132	69	26	8	29	72	
CAREER	 	954	902	32,778	14,155	4,932	11,286	.437	1,546	4,147	.373	2,745	3,394	.809	761	3,096	3,857	2,812	1,620	580	1,507	2,485	
