Season	Team	GP	GS	MIN	PTS	FGM	FGA	FG%	3PM	3PA	3P%	FTM	FTA	FT%	OFF	DEF	TRB	AST	STL	BLK	TOV	PF	
1968-69
☆	SDR	82	-	3,695	2,327	930	2,082	.447	-	-	-	467	746	.626	-	-	1,406	113	-	-	-	266	
1969-70
☆	SDR	82	-	3,665	2,256	914	2,020	.452	-	-	-	428	622	.688	-	-	1,386	162	-	-	-	270	
1970-71
☆	SDR	82	-	3,633	2,350	948	2,215	.428	-	-	-	454	676	.672	-	-	1,362	186	-	-	-	225	
1971-72
☆	HOU	82	-	3,461	2,063	832	1,918	.434	-	-	-	399	615	.649	-	-	1,197	270	-	-	-	233	
1972-73
☆	WAS	81	-	3,347	1,717	713	1,607	.444	-	-	-	291	434	.671	-	-	1,177	127	-	-	-	232	
1973-74
☆	WAS	81	-	3,602	1,735	689	1,627	.423	-	-	-	357	495	.721	354	1,109	1,463	163	86	240	-	252	
1974-75
☆	WAS	82	-	3,465	1,887	739	1,668	.443	-	-	-	409	534	.766	221	783	1,004	206	158	187	-	238	
1975-76
☆	WAS	80	-	2,975	1,585	649	1,381	.470	-	-	-	287	457	.628	210	668	878	121	104	202	-	293	
1976-77
☆	WAS	82	-	3,364	1,942	760	1,516	.501	-	-	-	422	614	.687	289	740	1,029	158	87	220	-	312	
1977-78
☆	WAS	81	-	3,246	1,598	636	1,409	.451	-	-	-	326	514	.634	335	740	1,075	149	96	159	229	313	
1978-79
☆	WAS	82	-	3,105	1,789	720	1,477	.487	-	-	-	349	534	.654	312	682	994	143	75	190	235	308	
1979-80
☆	WAS	81	-	3,183	1,859	761	1,677	.454	3	13	.231	334	478	.699	269	627	896	129	62	189	215	309	
1980-81	WAS	81	-	2,931	1,439	584	1,296	.451	0	10	.000	271	439	.617	235	554	789	98	68	171	189	300	
1981-82	HOU	82	82	3,032	1,318	519	1,100	.472	0	5	.000	280	422	.664	267	480	747	144	62	104	208	287	
1982-83	HOU	81	43	2,302	1,046	424	890	.476	2	4	.500	196	287	.683	199	417	616	158	50	81	200	232	
1983-84	HOU	81	4	994	402	158	389	.406	0	2	.000	86	132	.652	87	173	260	71	16	28	82	123	
CAREER	 	1303	129	50,000	27,313	10,976	24,272	.452	5	34	.147	5,356	7,999	.670	2,778	6,973	16,279	2,398	864	1,771	1,358	4,193	
