Season	Team	GP	GS	MIN	PTS	FGM	FGA	FG%	3PM	3PA	3P%	FTM	FTA	FT%	OFF	DEF	TRB	AST	STL	BLK	TOV	PF	
1990-91	SEA	82	82	2,243	588	259	575	.450	1	13	.077	69	97	.711	108	135	243	528	165	15	180	249	
1991-92	SEA	81	78	2,549	764	331	734	.451	3	23	.130	99	148	.669	123	172	295	506	147	21	174	248	
1992-93	SEA	82	78	2,548	1,110	476	963	.494	7	34	.206	151	196	.770	95	186	281	399	177	21	148	250	
1993-94
☆	SEA	82	82	2,881	1,349	584	1,159	.504	15	54	.278	166	279	.595	105	164	269	494	188	19	173	227	
1994-95
☆	SEA	82	82	3,015	1,689	685	1,345	.509	70	232	.302	249	348	.716	108	173	281	583	204	13	201	206	
1995-96
☆	SEA	81	81	3,162	1,563	618	1,276	.484	98	299	.328	229	306	.748	104	235	339	608	231	19	260	221	
1996-97
☆	SEA	82	82	3,213	1,785	706	1,482	.476	119	380	.313	254	355	.715	106	272	378	583	197	13	215	208	
1997-98
☆	SEA	82	82	3,145	1,571	579	1,278	.453	134	397	.338	279	375	.744	77	299	376	679	185	18	229	195	
1998-99	SEA	50	50	2,008	1,084	401	923	.434	83	281	.295	199	276	.721	62	182	244	436	109	12	154	115	
1999-00
☆	SEA	82	82	3,425	1,982	747	1,666	.448	177	520	.340	311	423	.735	100	429	529	732	153	18	224	178	
2000-01
☆	SEA	79	79	3,244	1,823	725	1,591	.456	102	272	.375	271	354	.766	73	288	361	642	127	26	209	184	
2001-02
☆	SEA	82	82	3,301	1,815	737	1,578	.467	74	236	.314	267	335	.797	80	316	396	737	131	26	209	179	
2002-03 *
☆	All Teams	80	80	3,208	1,634	665	1,466	.454	54	182	.297	250	352	.710	79	255	334	663	133	20	187	181	
2002-03 *
☆	SEA	52	52	2,123	1,084	444	992	.448	34	114	.298	162	234	.692	56	192	248	457	93	12	131	117	
2002-03 *
☆	MIL	28	28	1,085	550	221	474	.466	20	68	.294	88	118	.746	23	63	86	206	40	8	56	64	
2003-04	LAL	82	82	2,825	1,199	482	1,024	.471	55	165	.333	180	252	.714	72	270	342	449	96	19	151	169	
2004-05	BOS	77	77	2,540	873	339	725	.468	42	129	.326	153	201	.761	48	188	236	469	88	12	148	121	
2005-06	MIA	81	25	2,305.2	626	230	547	.420	66	230	.287	100	126	.794	34	199	233	257	71	10	102	169	
2006-07	MIA	68	28	1,502.8	358	144	366	.393	32	123	.260	38	57	.667	18	114	132	201	43	3	66	117	
CAREER	 	1335	1232	47,115	21,813	8,708	18,698	.466	1,132	3,570	.317	3,265	4,480	.729	1,392	3,877	5,269	8,966	2,445	285	3,030	3,217	
