Season	Team	GP	GS	MIN	PTS	FGM	FGA	FG%	3PM	3PA	3P%	FTM	FTA	FT%	OFF	DEF	TRB	AST	STL	BLK	TOV	PF	
1976-77
☆	SAN	82	-	2,705	1,895	726	1,335	.544	-	-	-	443	532	.833	134	320	454	238	105	104	-	286	
1977-78
☆	SAN	82	-	2,857	2,232	864	1,611	.536	-	-	-	504	607	.830	118	302	420	302	136	110	306	255	
1978-79
☆	SAN	80	-	2,888	2,365	947	1,749	.541	-	-	-	471	570	.826	142	258	400	219	137	91	286	275	
1979-80
☆	SAN	78	-	2,934	2,585	1,024	1,940	.528	32	102	.314	505	593	.852	154	249	403	202	110	79	254	208	
1980-81
☆	SAN	82	-	2,765	2,221	850	1,729	.492	9	35	.257	512	620	.826	126	293	419	260	94	56	251	212	
1981-82
☆	SAN	79	79	2,817	2,551	993	1,987	.500	10	36	.278	555	642	.864	138	254	392	187	77	45	210	215	
1982-83
☆	SAN	78	78	2,830	2,043	757	1,553	.487	12	33	.364	517	606	.853	111	246	357	264	88	67	247	243	
1983-84
☆	SAN	76	76	2,584	1,967	765	1,561	.490	10	24	.417	427	507	.842	106	207	313	220	79	47	224	219	
1984-85
☆	SAN	72	69	2,091	1,524	600	1,182	.508	0	10	.000	324	384	.844	79	155	234	178	66	48	198	208	
1985-86	CHI	82	75	2,065	1,325	519	1,100	.472	4	19	.211	283	322	.879	78	138	216	142	50	23	162	210	
CAREER	 	791	377	26,536	20,708	8,045	15,747	.511	77	259	.297	4,541	5,383	.844	1,186	2,422	3,608	2,212	942	670	2,138	2,331	
