Season	Team	GP	GS	MIN	PTS	FGM	FGA	FG%	3PM	3PA	3P%	FTM	FTA	FT%	OFF	DEF	TRB	AST	STL	BLK	TOV	PF	
2013-14	MIL	77	23	24.6	6.82	2.25	5.43	.414	0.53	1.53	.347	1.79	2.62	.683	1.01	3.39	4.40	1.95	0.78	0.79	1.58	2.25	
2014-15	MIL	81	71	31.4	12.72	4.73	9.63	.491	0.09	0.54	.159	3.17	4.28	.741	1.23	5.46	6.69	2.56	0.90	1.05	2.14	3.14	
2015-16	MIL	80	79	35.3	16.88	6.41	12.66	.506	0.35	1.36	.257	3.70	5.11	.724	1.41	6.24	7.65	4.31	1.18	1.41	2.60	3.23	
2016-17
☆	MIL	80	80	35.6	22.90	8.20	15.74	.521	0.61	2.25	.272	5.89	7.65	.770	1.77	6.97	8.75	5.42	1.64	1.89	2.92	3.08	
2017-18
☆	MIL	75	75	36.8	26.85	9.89	18.69	.529	0.57	1.87	.307	6.49	8.55	.760	2.08	7.96	10.04	4.81	1.45	1.41	2.97	3.08	
2018-19
★	MIL	72	72	32.8	27.69	10.01	17.32	.578	0.72	2.82	.256	6.94	9.53	.729	2.21	10.26	12.47	5.89	1.28	1.53	3.72	3.22	
2019-20
★	MIL	63	63	30.4	29.48	10.87	19.65	.553	1.41	4.65	.304	6.32	9.98	.633	2.22	11.37	13.59	5.62	0.97	1.05	3.65	3.10	
2020-21
☆	MIL	61	61	33.0	28.15	10.26	18.03	.569	1.10	3.62	.303	6.52	9.52	.685	1.59	9.41	11.00	5.85	1.18	1.20	3.39	2.75	
2021-22
☆	MIL	67	67	32.9	29.88	10.28	18.58	.553	1.06	3.61	.293	8.25	11.43	.722	2.00	9.61	11.61	5.79	1.07	1.36	3.27	3.16	
2022-23
☆	MIL	63	63	32.1	31.10	11.22	20.29	.553	0.75	2.71	.275	7.90	12.25	.645	2.17	9.60	11.78	5.70	0.83	0.81	3.90	3.13	
CAREER	 	719	654	32.5	22.64	8.20	15.27	.537	0.69	2.39	.287	5.56	7.85	.708	1.75	7.84	9.58	4.70	1.13	1.26	2.96	3.01	
