Season	Team	GP	GS	MIN	PTS	FGM	FGA	FG%	3PM	3PA	3P%	FTM	FTA	FT%	OFF	DEF	TRB	AST	STL	BLK	TOV	PF	
1994-95	MIL	80	76	2,958	1,755	636	1,410	.451	86	268	.321	397	499	.796	169	344	513	197	115	22	313	234	
1995-96	MIL	82	82	3,249	1,660	627	1,382	.454	90	263	.342	316	389	.812	136	368	504	293	95	42	282	236	
1996-97	MIL	80	79	3,114	1,689	669	1,438	.465	63	180	.350	288	364	.791	130	372	502	248	103	67	269	225	
1997-98	MIL	56	56	2,294	1,308	534	1,136	.470	25	65	.385	215	266	.808	82	225	307	158	69	34	200	164	
1998-99	MIL	47	47	1,579	865	347	756	.459	31	79	.392	140	161	.870	73	203	276	100	46	41	106	114	
1999-00
☆	MIL	81	81	2,909	1,693	690	1,461	.472	86	237	.363	227	283	.802	107	378	485	193	78	41	223	212	
2000-01
☆	MIL	76	74	2,813	1,674	684	1,460	.468	55	184	.299	251	306	.820	124	402	526	252	86	62	219	191	
2001-02	MIL	66	63	2,346	1,366	536	1,147	.467	58	178	.326	236	282	.837	70	336	406	168	97	41	174	173	
2002-03	ATL	69	68	2,591	1,436	539	1,248	.432	90	263	.342	268	306	.876	86	371	457	205	91	26	248	183	
2003-04	PHL	42	42	1,337	698	275	614	.448	34	100	.340	114	137	.832	46	143	189	57	42	9	106	96	
2004-05	SAN	9	0	157	90	34	77	.442	2	6	.333	20	23	.870	4	20	24	8	4	3	7	19	
CAREER	 	688	668	25,347	14,234	5,571	12,129	.459	620	1,823	.340	2,472	3,016	.820	1,027	3,162	4,189	1,879	826	388	2,147	1,847	
