Season	Team	GP	GS	MIN	PTS	FGM	FGA	FG%	3PM	3PA	3P%	FTM	FTA	FT%	OFF	DEF	TRB	AST	STL	BLK	TOV	PF	
1989-90	MIA	77	60	2,311	1,048	470	1,071	.439	17	69	.246	91	124	.734	100	252	352	138	67	27	113	198	
1990-91	MIA	77	77	2,646	1,342	550	1,193	.461	71	184	.386	171	209	.818	85	296	381	189	101	26	166	216	
1991-92	MIA	79	79	3,007	1,765	672	1,432	.469	155	396	.391	266	318	.836	84	310	394	184	90	35	145	170	
1992-93	MIA	82	82	3,082	1,554	582	1,324	.440	148	386	.383	242	295	.820	92	332	424	180	92	25	157	201	
1993-94	MIA	81	81	2,999	1,708	663	1,421	.467	132	346	.382	250	284	.880	76	358	434	184	110	32	130	186	
1994-95	MIA	82	82	3,014	1,831	667	1,403	.475	185	451	.410	312	365	.855	99	279	378	192	112	14	153	203	
1995-96
☆	CHA	79	79	3,142	1,710	610	1,296	.471	171	403	.424	319	381	.837	86	292	378	232	91	19	163	217	
1996-97
☆	CHA	79	78	3,362	2,115	722	1,513	.477	207	440	.470	464	535	.867	67	251	318	160	72	26	177	190	
1997-98
☆	CHA	82	82	3,295	1,826	634	1,386	.457	130	300	.433	428	504	.849	89	264	353	182	77	22	182	200	
1998-99	LAL	27	25	985	472	171	396	.432	53	135	.393	77	90	.856	9	90	99	71	17	6	45	67	
1999-00	LAL	80	80	2,530	1,272	421	980	.430	84	229	.367	346	396	.874	56	271	327	176	47	12	114	179	
2000-01	NYK	75	25	2,212	899	331	752	.440	82	211	.389	155	182	.852	61	246	307	89	41	13	96	179	
2001-02	HOU	20	20	606	172	65	167	.389	18	64	.281	24	30	.800	5	42	47	31	12	3	24	34	
2002-03	HOU	62	26	1,532	556	196	457	.429	101	254	.398	63	83	.759	28	126	154	65	23	5	55	99	
2003-04	LAC	18	0	262	66	22	76	.289	5	28	.179	17	17	1.000	9	32	41	24	6	0	13	22	
CAREER	 	1000	876	34,985	18,336	6,776	14,867	.456	1,559	3,896	.400	3,225	3,813	.846	946	3,441	4,387	2,097	958	265	1,733	2,361	
