Season	Team	GP	GS	MIN	PTS	FGM	FGA	FG%	3PM	3PA	3P%	FTM	FTA	FT%	OFF	DEF	TRB	AST	STL	BLK	TOV	PF	
1994-95
☆	DET	70	69	2,678	1,394	508	1,064	.477	4	27	.148	374	511	.732	125	320	445	353	124	62	202	203	
1995-96
☆	DET	80	80	3,260	1,618	564	1,221	.462	5	26	.192	485	646	.751	127	656	783	548	100	48	263	242	
1996-97
☆	DET	80	80	3,148	1,710	625	1,259	.496	10	33	.303	450	633	.711	123	598	721	583	144	48	259	186	
1997-98
☆	DET	81	81	3,294	1,712	615	1,361	.452	3	21	.143	479	647	.740	93	530	623	551	143	53	285	196	
1998-99	DET	50	50	1,852	1,053	384	802	.479	0	14	.000	285	379	.752	65	290	355	300	80	27	184	114	
1999-00
☆	DET	74	74	2,776	1,906	696	1,422	.489	34	98	.347	480	604	.795	97	393	490	385	103	43	240	190	
2000-01
☆	ORL	4	4	133	55	19	43	.442	1	1	1.000	16	26	.615	8	17	25	25	5	2	11	9	
2001-02	ORL	14	14	512	235	83	195	.426	0	2	.000	69	80	.863	29	96	125	64	8	4	37	40	
2002-03	ORL	29	29	843	421	151	307	.492	1	4	.250	118	144	.819	40	166	206	122	28	13	84	46	
2004-05
☆	ORL	67	67	2,338	1,317	517	1,015	.509	3	13	.231	280	341	.821	77	241	318	220	97	28	161	144	
2005-06	ORL	21	17	612.7	318	119	243	.490	2	8	.250	78	102	.765	15	65	80	48	24	6	35	50	
2006-07	ORL	65	64	2,008.5	934	342	660	.518	2	12	.167	248	324	.765	53	184	237	138	61	25	144	146	
2007-08	PHX	70	68	2,222.1	919	358	712	.503	33	104	.317	170	196	.867	74	279	353	203	65	56	96	153	
2008-09	PHX	82	68	2,444.8	985	390	745	.523	24	76	.316	181	224	.808	64	341	405	186	90	54	126	182	
2009-10	PHX	81	81	2,430.1	912	336	703	.478	35	80	.438	205	251	.817	74	371	445	193	60	36	108	165	
2010-11	PHX	80	80	2,408.9	1,056	399	825	.484	45	114	.395	213	257	.829	77	261	338	200	64	35	134	184	
2011-12	PHX	49	46	1,377.7	499	201	451	.446	14	53	.264	83	109	.761	29	142	171	107	41	29	65	88	
2012-13	LAC	29	0	436.7	93	38	98	.388	3	11	.273	14	24	.583	6	43	49	26	11	7	25	39	
CAREER	 	1026	972	34,775.4	17,137	6,345	13,126	.483	219	697	.314	4,228	5,498	.769	1,176	4,993	6,169	4,252	1,248	576	2,459	2,377	
