Season	Team	GP	GS	MIN	PTS	FGM	FGA	FG%	3PM	3PA	3P%	FTM	FTA	FT%	OFF	DEF	TRB	AST	STL	BLK	TOV	PF	
1975-76	GOS	77	-	1,728	903	365	853	.428	-	-	-	173	233	.742	62	97	159	240	140	26	-	143	
1976-77	GOS	82	-	1,930	762	325	701	.464	-	-	-	112	150	.747	72	161	233	292	121	19	-	218	
1977-78	SEA	79	-	2,572	1,431	602	1,335	.451	-	-	-	227	278	.817	83	173	256	294	185	41	189	198	
1978-79	SEA	76	-	2,266	1,457	606	1,224	.495	-	-	-	245	316	.775	111	134	245	307	158	29	190	162	
1979-80	SEA	82	-	2,969	1,816	739	1,533	.482	7	36	.194	331	420	.788	127	148	275	397	200	37	181	160	
1981-82
☆	SEA	80	80	2,876	1,875	773	1,592	.486	9	40	.225	320	436	.734	92	152	244	549	172	36	197	163	
1982-83
☆	SEA	80	80	2,761	1,600	660	1,384	.477	2	43	.047	278	370	.751	72	133	205	643	182	26	230	117	
1983-84	SEA	80	80	2,818	1,497	598	1,306	.458	4	25	.160	297	396	.750	67	137	204	675	189	25	232	151	
1984-85	WAS	79	78	2,960	1,578	638	1,483	.430	51	176	.290	251	346	.725	72	123	195	608	178	32	213	159	
1985-86	WAS	77	67	2,282	1,036	434	1,013	.428	30	116	.259	138	188	.734	52	114	166	453	96	15	160	113	
1986-87	ATL	33	0	481	138	53	146	.363	5	17	.294	27	40	.675	8	32	40	139	17	6	54	53	
CAREER	 	825	385	25,643	14,093	5,793	12,570	.461	108	453	.238	2,399	3,173	.756	818	1,404	2,222	4,597	1,638	292	1,646	1,637	
