Season	Team	GP	GS	MIN	PTS	FGM	FGA	FG%	3PM	3PA	3P%	FTM	FTA	FT%	OFF	DEF	TRB	AST	STL	BLK	TOV	PF	
1984-85
☆	HOU	82	82	2,914	1,692	677	1,258	.538	0	0	.000	338	551	.613	440	534	974	111	99	220	234	344	
1985-86
☆	HOU	68	68	2,467	1,597	625	1,188	.526	0	0	.000	347	537	.646	333	448	781	137	135	228	196	272	
1986-87
☆	HOU	75	75	2,760	1,755	677	1,332	.508	1	5	.200	400	570	.702	315	543	858	220	140	252	228	294	
1987-88
☆	HOU	79	79	2,825	1,805	712	1,385	.514	0	4	.000	381	548	.695	302	657	959	163	162	214	243	324	
1988-89
☆	HOU	82	82	3,024	2,034	790	1,556	.508	0	10	.000	454	652	.696	338	767	1,105	149	213	282	275	329	
1989-90
☆	HOU	82	82	3,124	1,995	806	1,609	.501	1	6	.167	382	536	.713	299	850	1,149	233	174	376	316	314	
1990-91	HOU	56	50	2,062	1,187	487	959	.508	0	4	.000	213	277	.769	219	551	770	131	121	221	174	221	
1991-92
☆	HOU	70	69	2,636	1,510	591	1,177	.502	0	1	.000	328	428	.766	246	599	845	157	127	304	187	263	
1992-93
☆	HOU	82	82	3,242	2,140	848	1,603	.529	0	8	.000	444	570	.779	283	785	1,068	291	150	342	262	305	
1993-94
★	HOU	80	80	3,277	2,184	894	1,694	.528	8	19	.421	388	542	.716	229	726	955	287	128	297	271	289	
1994-95
☆	HOU	72	72	2,853	2,005	798	1,545	.517	3	16	.188	406	537	.756	172	603	775	255	133	242	237	250	
1995-96
☆	HOU	72	72	2,797	1,936	768	1,494	.514	3	14	.214	397	548	.724	176	608	784	257	113	207	247	242	
1996-97
☆	HOU	78	78	2,852	1,810	727	1,426	.510	5	16	.313	351	446	.787	173	543	716	236	117	173	281	249	
1997-98	HOU	47	45	1,633	772	306	633	.483	0	3	.000	160	212	.755	116	344	460	143	84	96	126	152	
1998-99	HOU	50	50	1,784	945	373	725	.514	4	13	.308	195	272	.717	106	372	478	88	82	123	139	160	
1999-00	HOU	44	28	1,049	455	193	421	.458	0	2	.000	69	112	.616	65	209	274	61	41	70	73	88	
2000-01	HOU	58	55	1,545	689	283	568	.498	0	1	.000	123	198	.621	124	307	431	72	70	88	81	141	
2001-02	TOR	61	37	1,378	435	194	418	.464	0	2	.000	47	84	.560	98	268	366	66	74	90	98	147	
CAREER	 	1238	1186	44,222	26,946	10,749	20,991	.512	25	124	.202	5,423	7,620	.712	4,034	9,714	13,748	3,057	2,163	3,825	3,668	4,384	
