Season	Team	GP	GS	MIN	PTS	FGM	FGA	FG%	3PM	3PA	3P%	FTM	FTA	FT%	OFF	DEF	TRB	AST	STL	BLK	TOV	PF	
1981-82
☆	DET	72	72	2,433	1,225	453	1,068	.424	17	59	.288	302	429	.704	57	152	209	565	150	17	299	253	
1982-83
☆	DET	81	81	3,093	1,854	725	1,537	.472	36	125	.288	368	518	.710	105	223	328	634	199	29	326	318	
1983-84
☆	DET	82	82	3,007	1,748	669	1,448	.462	22	65	.338	388	529	.733	103	224	327	914	204	33	307	324	
1984-85
☆	DET	81	81	3,089	1,720	646	1,410	.458	29	113	.257	399	493	.809	114	247	361	1,123	187	25	302	288	
1985-86
☆	DET	77	77	2,790	1,609	609	1,248	.488	26	84	.310	365	462	.790	84	193	277	830	171	20	289	245	
1986-87
☆	DET	81	81	3,013	1,671	626	1,353	.463	19	98	.194	400	521	.768	82	237	319	813	153	21	343	251	
1987-88
☆	DET	81	81	2,927	1,577	621	1,341	.463	30	97	.309	305	394	.774	64	214	278	678	141	17	273	217	
1988-89
☆	DET	80	76	2,924	1,458	569	1,227	.464	33	121	.273	287	351	.818	49	224	273	663	133	20	298	209	
1989-90
☆	DET	81	81	2,993	1,492	579	1,322	.438	42	136	.309	292	377	.775	74	234	308	765	139	19	322	206	
1990-91
☆	DET	48	46	1,657	776	289	665	.435	19	65	.292	179	229	.782	35	125	160	446	75	10	185	118	
1991-92
☆	DET	78	78	2,918	1,445	564	1,264	.446	25	86	.291	292	378	.772	68	179	247	560	118	15	252	194	
1992-93
☆	DET	79	79	2,922	1,391	526	1,258	.418	61	198	.308	278	377	.737	71	161	232	671	123	18	284	222	
1993-94	DET	58	56	1,750	856	318	763	.417	39	126	.310	181	258	.702	46	113	159	399	68	6	202	126	
CAREER	 	979	971	35,516	18,822	7,194	15,904	.452	398	1,373	.290	4,036	5,316	.759	952	2,526	3,478	9,061	1,861	250	3,682	2,971	
