Season	Team	GP	GS	MIN	PTS	FGM	FGA	FG%	3PM	3PA	3P%	FTM	FTA	FT%	OFF	DEF	TRB	AST	STL	BLK	TOV	PF	
1977-78	SEA	82	-	2,238	876	342	752	.455	-	-	-	192	247	.777	196	482	678	134	68	40	186	300	
1978-79
☆	SEA	82	-	2,958	1,281	476	1,034	.460	-	-	-	329	404	.814	232	781	1,013	261	82	67	253	295	
1979-80
☆	SEA	82	-	2,793	1,175	470	989	.475	0	1	.000	235	292	.805	198	710	908	279	68	77	202	232	
1980-81
☆	SEA	82	-	2,920	1,530	595	1,311	.454	0	5	.000	340	413	.823	184	668	852	248	78	93	201	282	
1981-82
☆	SEA	82	82	3,049	1,611	581	1,212	.479	2	13	.154	447	523	.855	223	815	1,038	277	102	107	213	268	
1982-83
☆	SEA	75	71	2,564	1,368	484	1,043	.464	0	8	.000	400	478	.837	213	645	858	233	87	65	190	263	
1983-84
☆	SEA	82	82	2,993	1,563	576	1,155	.499	0	2	.000	411	480	.856	225	686	911	327	95	92	236	301	
1984-85
☆	SEA	68	68	2,402	1,259	461	943	.489	2	10	.200	335	393	.852	164	559	723	285	83	91	160	239	
1985-86	SEA	80	78	2,790	1,371	508	1,100	.462	0	13	.000	355	411	.864	146	603	749	301	94	73	212	293	
1986-87	MIL	82	82	2,536	1,045	390	842	.463	0	2	.000	265	313	.847	208	614	822	203	88	90	160	323	
1987-88	MIL	82	82	2,923	1,352	514	1,058	.486	3	14	.214	321	348	.922	195	514	709	279	93	80	157	313	
1988-89	MIL	80	80	2,587	1,068	360	835	.431	82	216	.380	266	294	.905	141	482	623	289	85	61	145	300	
1989-90	MIL	71	70	2,250	986	344	827	.416	68	199	.342	230	260	.885	109	383	492	229	76	48	139	244	
1990-91	MIL	77	44	1,940	802	295	691	.427	46	135	.341	166	197	.843	108	333	441	143	65	64	130	218	
CAREER	 	1107	739	36,943	17,287	6,396	13,792	.464	203	618	.328	4,292	5,053	.849	2,542	8,275	10,817	3,488	1,164	1,048	2,584	3,871	
