Season	Team	GP	GS	MIN	PTS	FGM	FGA	FG%	3PM	3PA	3P%	FTM	FTA	FT%	OFF	DEF	TRB	AST	STL	BLK	TOV	PF	
1974-75	GOS	82	-	2,515	1,164	502	1,135	.442	-	-	-	160	218	.734	203	468	671	183	107	22	-	222	
1975-76
☆	GOS	82	-	2,716	1,461	617	1,334	.463	-	-	-	227	294	.772	193	527	720	167	102	31	-	222	
1976-77	GOS	76	-	2,579	1,343	548	1,147	.478	-	-	-	247	310	.797	155	423	578	211	127	16	-	222	
1977-78	LAL	51	-	1,490	660	277	630	.440	-	-	-	106	148	.716	113	267	380	182	77	22	107	162	
1978-79	LAL	82	-	2,915	1,524	626	1,242	.504	-	-	-	272	362	.751	164	445	609	227	134	27	224	275	
1979-80	LAL	82	-	3,111	1,644	726	1,358	.535	3	17	.176	189	234	.808	176	349	525	250	129	28	157	220	
1980-81
☆	LAL	81	-	3,028	1,827	786	1,495	.526	1	13	.077	254	335	.758	146	289	435	235	121	29	207	223	
1981-82	LAL	82	82	2,906	1,734	744	1,417	.525	0	4	.000	246	336	.732	153	240	393	143	89	24	164	240	
1982-83
☆	LAL	80	80	2,552	1,571	684	1,290	.530	0	6	.000	203	268	.757	146	197	343	182	65	17	150	221	
1983-84	LAL	75	74	2,507	1,294	542	1,055	.514	2	8	.250	208	280	.743	130	210	340	214	72	41	137	205	
1984-85	LAL	42	8	761	347	148	303	.488	0	1	.000	51	66	.773	35	59	94	41	19	3	49	65	
1985-86	LAC	13	1	195	75	26	65	.400	1	3	.333	22	27	.815	13	16	29	15	7	2	16	19	
CAREER	 	828	245	27,275	14,644	6,226	12,471	.499	7	52	.135	2,185	2,878	.759	1,627	3,490	5,117	2,050	1,049	262	1,211	2,296	
