Season	Team	GP	GS	MIN	PTS	FGM	FGA	FG%	3PM	3PA	3P%	FTM	FTA	FT%	OFF	DEF	TRB	AST	STL	BLK	TOV	PF	
1982-83	LAL	77	1	1,970	1,033	447	772	.579	1	4	.250	138	221	.624	157	242	399	132	91	64	178	221	
1983-84	LAL	82	53	2,415	1,185	495	890	.556	0	6	.000	195	257	.759	157	358	515	207	77	70	181	244	
1984-85	LAL	80	76	2,696	1,410	610	1,066	.572	0	7	.000	190	245	.776	169	342	511	201	87	67	198	196	
1985-86
☆	LAL	75	73	2,454	1,500	629	1,086	.579	0	13	.000	242	314	.771	136	251	387	201	82	77	150	195	
1986-87
☆	LAL	82	82	2,819	1,594	651	1,207	.539	0	13	.000	292	389	.751	158	308	466	228	108	83	168	206	
1987-88
☆	LAL	75	72	2,655	1,478	617	1,161	.531	2	16	.125	242	304	.796	129	241	370	289	72	55	155	175	
1988-89
☆	LAL	81	81	2,960	1,657	702	1,282	.548	2	23	.087	251	321	.782	169	320	489	288	108	56	182	175	
1989-90
☆	LAL	80	80	2,960	1,685	711	1,298	.548	15	49	.306	248	317	.782	160	318	478	288	99	49	160	190	
1990-91
☆	LAL	78	74	3,008	1,670	716	1,455	.492	26	90	.289	212	266	.797	107	249	356	275	104	35	127	117	
1991-92
☆	LAL	54	54	2,108	1,075	450	1,007	.447	9	43	.209	166	204	.814	98	207	305	252	76	23	127	89	
1992-93	LAL	82	69	2,359	1,221	510	1,142	.447	30	111	.270	171	211	.810	73	174	247	278	92	27	137	87	
1993-94	LAL	80	2	1,597	812	340	838	.406	32	111	.288	100	135	.741	48	133	181	154	45	18	97	80	
CAREER	 	926	717	30,001	16,320	6,878	13,204	.521	117	486	.241	2,447	3,184	.769	1,561	3,143	4,704	2,793	1,041	624	1,860	1,975	
