Season	Team	GP	GS	MIN	PTS	FGM	FGA	FG%	3PM	3PA	3P%	FTM	FTA	FT%	OFF	DEF	TRB	AST	STL	BLK	TOV	PF	
2009-10	OKC	76	0	22.9	9.91	3.07	7.61	.403	1.22	3.26	.375	2.55	3.16	.808	0.62	2.59	3.21	1.80	1.05	0.26	1.39	2.63	
2010-11	OKC	82	5	26.7	12.17	3.63	8.34	.436	1.38	3.95	.349	3.52	4.18	.843	0.51	2.60	3.11	2.15	1.12	0.29	1.29	2.52	
2011-12	OKC	62	2	31.4	16.84	4.98	10.15	.491	1.84	4.71	.390	5.03	5.95	.846	0.48	3.58	4.06	3.69	1.00	0.24	2.21	2.42	
2012-13
☆	HOU	78	78	38.3	25.94	7.50	17.14	.438	2.29	6.23	.368	8.64	10.15	.851	0.79	4.06	4.86	5.83	1.82	0.49	3.78	2.28	
2013-14
☆	HOU	73	73	38.0	25.36	7.52	16.51	.456	2.42	6.62	.366	7.89	9.11	.866	0.84	3.88	4.71	6.11	1.58	0.40	3.63	2.42	
2014-15
☆	HOU	81	81	36.8	27.37	7.99	18.15	.440	2.57	6.85	.375	8.83	10.17	.868	0.93	4.74	5.67	6.98	1.90	0.74	3.96	2.57	
2015-16
☆	HOU	82	82	38.1	28.98	8.66	19.72	.439	2.88	8.01	.359	8.78	10.21	.860	0.77	5.34	6.11	7.46	1.70	0.62	4.56	2.79	
2016-17
☆	HOU	81	81	36.4	29.09	8.32	18.93	.440	3.23	9.33	.347	9.21	10.88	.847	1.17	6.96	8.14	11.20	1.49	0.47	5.73	2.65	
2017-18
★	HOU	72	72	35.4	30.43	9.04	20.12	.449	3.68	10.03	.367	8.67	10.10	.858	0.57	4.83	5.40	8.75	1.75	0.69	4.38	2.35	
2018-19
☆	HOU	78	78	36.8	36.13	10.81	24.47	.442	4.85	13.18	.368	9.67	11.00	.879	0.85	5.79	6.64	7.51	2.03	0.74	4.96	3.13	
2019-20
☆	HOU	68	68	36.5	34.34	9.88	22.26	.444	4.40	12.40	.355	10.18	11.76	.865	1.03	5.53	6.56	7.53	1.84	0.88	4.53	3.34	
2020-21 *
☆	All Teams	44	43	36.6	24.61	7.77	16.68	.466	2.75	7.59	.362	6.32	7.34	.861	0.80	7.11	7.91	10.80	1.20	0.75	4.02	2.25	
2020-21 *
☆	BRK	36	35	36.6	24.58	7.83	16.64	.471	2.67	7.28	.366	6.25	7.31	.856	0.83	7.69	8.53	10.89	1.28	0.75	3.97	2.36	
2020-21 *
☆	HOU	8	8	36.3	24.75	7.50	16.88	.444	3.12	9.00	.347	6.62	7.50	.883	0.62	4.50	5.12	10.38	0.88	0.75	4.25	1.75	
2021-22 *
☆	All Teams	65	65	37.2	22.03	6.26	15.26	.410	2.28	6.89	.330	7.23	8.25	.877	0.85	6.85	7.69	10.26	1.26	0.55	4.37	2.35	
2021-22 *
☆	BRK	44	44	37.0	22.50	6.64	16.05	.414	2.32	6.98	.332	6.91	7.95	.869	0.95	7.02	7.98	10.16	1.27	0.70	4.82	2.39	
2021-22 *
☆	PHL	21	21	37.7	21.05	5.48	13.62	.402	2.19	6.71	.326	7.90	8.86	.892	0.62	6.48	7.10	10.48	1.24	0.24	3.43	2.29	
2022-23	PHL	58	58	36.8	20.97	6.40	14.52	.441	2.78	7.21	.385	5.40	6.22	.867	0.69	5.41	6.10	10.66	1.22	0.53	3.36	1.93	
CAREER	 	1000	786	34.8	24.69	7.29	16.49	.442	2.75	7.59	.363	7.36	8.56	.860	0.78	4.87	5.65	7.01	1.52	0.54	3.73	2.57	
