Season	Team	GP	GS	MIN	PTS	FGM	FGA	FG%	3PM	3PA	3P%	FTM	FTA	FT%	OFF	DEF	TRB	AST	STL	BLK	TOV	PF	
1994-95	DAL	79	79	2,668	922	330	857	.385	70	257	.272	192	275	.698	152	278	430	607	151	24	250	146	
1995-96
☆	DAL	81	81	3,034	1,348	493	1,293	.381	133	396	.336	229	331	.692	203	350	553	783	175	26	328	155	
1996-97 *	All Teams	55	45	1,965	599	213	529	.403	61	165	.370	112	165	.679	64	185	249	496	124	20	142	114	
1996-97 *	PHX	33	23	1,174	382	138	326	.423	40	100	.400	66	96	.688	34	125	159	296	79	12	76	72	
1996-97 *	DAL	22	22	791	217	75	203	.369	21	65	.323	46	69	.667	30	60	90	200	45	8	66	42	
1997-98
☆	PHX	82	82	3,118	954	357	859	.416	73	233	.313	167	209	.799	108	402	510	745	162	26	261	142	
1998-99	PHX	50	50	2,060	846	310	698	.444	45	123	.366	181	239	.757	87	252	339	539	114	19	150	108	
1999-00
☆	PHX	67	67	2,615	959	350	855	.409	56	166	.337	203	245	.829	96	387	483	678	134	28	226	148	
2000-01
☆	PHX	77	76	3,065	1,299	451	1,097	.411	69	232	.297	328	403	.814	91	403	494	753	166	23	286	171	
2001-02
☆	NJN	82	82	3,056	1,208	445	1,138	.391	117	364	.321	201	247	.814	130	465	595	808	175	20	286	136	
2002-03
☆	NJN	80	80	2,989	1,495	515	1,244	.414	126	370	.341	339	403	.841	110	394	504	711	179	25	296	127	
2003-04
☆	NJN	67	66	2,450	1,036	368	959	.384	94	293	.321	206	249	.827	85	343	428	618	122	14	214	110	
2004-05	NJN	66	65	2,435	951	340	855	.398	129	358	.360	142	192	.740	94	394	488	545	123	9	167	110	
2005-06	NJN	80	80	2,976.1	1,065	366	905	.404	139	395	.352	194	244	.795	86	494	580	672	150	29	192	157	
2006-07
☆	NJN	80	80	2,933	1,041	369	908	.406	124	361	.343	179	230	.778	135	520	655	736	127	23	213	146	
2007-08 *
☆	All Teams	80	80	2,905.6	864	305	793	.385	119	312	.381	135	165	.818	94	506	600	806	136	26	266	165	
2007-08 *
☆	NJN	51	51	1,894.5	577	201	549	.366	84	236	.356	91	111	.820	58	354	412	530	74	15	185	90	
2007-08 *
☆	DAL	29	29	1,011.1	287	104	244	.426	35	76	.461	44	54	.815	36	152	188	276	62	11	81	75	
2008-09	DAL	81	81	2,886.1	731	257	618	.416	131	323	.406	86	105	.819	85	415	500	702	160	39	185	168	
2009-10
☆	DAL	80	80	2,880.9	824	284	671	.423	176	414	.425	80	99	.808	48	397	445	724	145	35	195	142	
2010-11	DAL	80	80	2,652.8	630	215	596	.361	133	391	.340	67	77	.870	35	316	351	655	134	29	179	119	
2011-12	DAL	48	48	1,379	299	99	273	.363	79	223	.354	22	28	.786	15	183	198	264	82	10	91	83	
2012-13	NYK	76	48	2,042.6	458	152	409	.372	114	325	.351	40	48	.833	50	273	323	249	125	25	76	125	
CAREER	 	1391	1350	50,111.1	17,529	6,219	15,557	.400	1,988	5,701	.349	3,103	3,954	.785	1,768	6,957	8,725	12,091	2,684	450	4,003	2,572	
