Season	Team	GP	GS	MIN	PTS	FGM	FGA	FG%	3PM	3PA	3P%	FTM	FTA	FT%	OFF	DEF	TRB	AST	STL	BLK	TOV	PF	
2011-12	CHI	42	0	8.5	2.60	0.76	1.88	.405	0.05	0.26	.182	1.02	1.33	.768	0.55	0.79	1.33	0.33	0.26	0.12	0.33	0.48	
2012-13	CHI	82	20	26.0	8.60	2.91	6.24	.467	0.49	1.28	.381	2.28	2.84	.803	1.66	2.34	4.00	1.40	0.95	0.38	0.76	1.18	
2013-14	CHI	67	67	38.7	13.10	4.10	10.34	.397	1.01	3.58	.283	3.88	5.04	.769	1.30	3.63	4.93	2.61	1.90	0.54	1.52	1.58	
2014-15
☆	CHI	65	65	38.7	20.02	6.48	14.03	.462	1.12	2.97	.378	5.94	7.12	.834	1.75	4.08	5.83	3.26	1.75	0.55	1.43	1.66	
2015-16
☆	CHI	67	67	36.9	20.88	7.01	15.43	.455	0.96	3.07	.311	5.90	7.09	.832	1.18	4.16	5.34	4.79	1.64	0.64	1.97	1.85	
2016-17
☆	CHI	76	75	37.0	23.89	7.50	16.47	.455	1.20	3.26	.367	7.70	8.89	.865	1.70	4.49	6.18	5.49	1.88	0.42	2.09	1.47	
2017-18
☆	MIN	59	59	36.7	22.15	7.41	15.61	.474	1.19	3.39	.350	6.15	7.20	.854	1.34	3.98	5.32	4.88	1.97	0.41	1.83	1.32	
2018-19 *	All Teams	65	65	33.6	18.69	6.43	13.91	.462	1.03	2.97	.347	4.80	5.62	.855	1.86	3.40	5.26	4.05	1.89	0.60	1.46	1.71	
2018-19 *	PHL	55	55	33.2	18.22	6.25	13.58	.461	0.91	2.69	.338	4.80	5.53	.868	1.91	3.36	5.27	4.00	1.80	0.53	1.47	1.69	
2018-19 *	MIN	10	10	36.1	21.30	7.40	15.70	.471	1.70	4.50	.378	4.80	6.10	.787	1.60	3.60	5.20	4.30	2.40	1.00	1.40	1.80	
2019-20
☆	MIA	58	58	33.8	19.95	5.95	13.07	.455	0.50	2.05	.244	7.55	9.05	.834	1.83	4.83	6.66	6.03	1.78	0.55	2.19	1.40	
2020-21	MIA	52	52	33.6	21.46	7.04	14.15	.497	0.48	1.96	.245	6.90	8.00	.863	1.81	5.10	6.90	7.10	2.08	0.35	2.10	1.37	
2021-22
☆	MIA	57	57	33.9	21.39	6.98	14.54	.480	0.47	2.04	.233	6.95	7.98	.870	1.79	4.11	5.89	5.47	1.65	0.47	2.12	1.54	
2022-23	MIA	64	64	33.4	22.91	7.48	13.88	.539	0.56	1.61	.350	7.38	8.67	.850	2.20	3.66	5.86	5.31	1.83	0.33	1.58	1.25	
CAREER	 	754	649	33.2	18.15	5.90	12.62	.468	0.79	2.44	.322	5.56	6.61	.842	1.61	3.74	5.35	4.21	1.65	0.46	1.62	1.43	
