Season	Team	GP	GS	MIN	PTS	FGM	FGA	FG%	3PM	3PA	3P%	FTM	FTA	FT%	OFF	DEF	TRB	AST	STL	BLK	TOV	PF	
1985-86	DET	82	45	1,957	769	287	597	.481	5	16	.313	190	238	.798	60	59	119	390	66	11	157	200	
1986-87	DET	79	75	2,439	931	369	749	.493	9	22	.409	184	246	.748	50	117	167	352	83	4	171	194	
1987-88	DET	82	82	2,732	1,161	453	960	.472	4	19	.211	251	308	.815	63	137	200	387	87	15	172	155	
1988-89	DET	69	67	2,409	1,186	456	903	.505	14	29	.483	260	306	.850	57	115	172	390	63	5	178	103	
1989-90
☆	DET	75	71	2,578	1,335	508	1,058	.480	22	55	.400	297	330	.900	60	152	212	368	63	2	145	129	
1990-91
☆	DET	80	80	3,046	1,629	622	1,292	.481	14	45	.311	371	417	.890	62	125	187	443	89	7	189	135	
1991-92
☆	DET	82	82	3,192	1,635	587	1,311	.448	49	120	.408	412	475	.867	82	106	188	375	71	12	193	145	
1992-93
☆	DET	77	77	3,094	1,809	677	1,454	.466	112	299	.375	343	397	.864	63	85	148	308	78	7	138	141	
1993-94	DET	69	69	2,591	1,410	505	1,118	.452	124	320	.388	276	330	.836	35	116	151	261	63	4	159	118	
1994-95
☆	DET	67	67	2,544	1,214	417	970	.430	103	338	.305	277	344	.805	47	111	158	368	72	7	219	153	
1995-96	DET	67	40	2,193	793	255	598	.426	121	298	.406	162	197	.822	28	110	138	265	43	3	97	106	
1996-97
☆	DET	79	79	2,923	1,158	385	875	.440	166	384	.432	222	256	.867	38	153	191	318	57	1	128	97	
1997-98	DET	72	72	2,326	943	329	791	.416	158	426	.371	127	154	.825	14	90	104	253	44	2	84	99	
1998-99	DET	38	38	1,116	428	144	350	.411	89	221	.403	51	61	.836	12	56	68	134	23	2	53	51	
CAREER	 	1018	944	35,140	16,401	5,994	13,026	.460	990	2,592	.382	3,423	4,059	.843	671	1,532	2,203	4,612	902	82	2,083	1,826	
