Season	Team	GP	GS	MIN	PTS	FGM	FGA	FG%	3PM	3PA	3P%	FTM	FTA	FT%	OFF	DEF	TRB	AST	STL	BLK	TOV	PF	
2001-02 *	All Teams	77	59	1,916	581	251	584	.430	38	130	.292	41	53	.774	76	181	257	179	59	20	71	114	
2001-02 *	BOS	48	33	1,003	304	130	296	.439	24	88	.273	20	26	.769	40	99	139	74	33	10	28	59	
2001-02 *	PHX	29	26	913	277	121	288	.420	14	42	.333	21	27	.778	36	82	118	105	26	10	43	55	
2002-03	PHX	82	34	2,255	803	316	796	.397	75	205	.366	96	124	.774	57	207	264	210	62	19	108	143	
2003-04	PHX	82	77	3,329	1,367	555	1,291	.430	83	272	.305	174	232	.750	80	305	385	362	93	26	199	177	
2004-05	PHX	82	82	3,238	1,400	544	1,179	.461	177	370	.478	135	180	.750	120	302	422	291	79	24	148	167	
2005-06	ATL	82	82	3,340.5	1,653	632	1,395	.453	128	360	.356	261	330	.791	98	237	335	536	103	31	267	187	
2006-07
☆	ATL	57	57	2,359.4	1,426	536	1,139	.471	119	312	.381	235	314	.748	53	186	239	249	60	11	176	115	
2007-08
☆	ATL	82	82	3,342.9	1,779	647	1,497	.432	169	444	.381	316	379	.834	83	284	367	474	84	18	223	168	
2008-09
☆	ATL	79	79	3,124.4	1,688	620	1,420	.437	149	414	.360	299	362	.826	65	281	346	455	84	19	195	176	
2009-10
☆	ATL	76	76	2,885.8	1,619	635	1,386	.458	129	350	.369	220	269	.818	74	279	353	369	82	5	145	145	
2010-11
☆	ATL	72	72	2,554.4	1,312	514	1,161	.443	89	300	.297	195	243	.802	59	232	291	338	47	7	146	131	
2011-12
☆	ATL	60	60	2,126.5	1,129	423	931	.454	125	322	.388	158	186	.849	53	168	221	232	48	13	116	75	
2012-13	BRK	72	72	2,642.1	1,170	445	1,052	.423	148	395	.375	132	161	.820	53	165	218	253	49	14	123	99	
2013-14
☆	BRK	79	79	2,574.6	1,245	462	1,018	.454	162	404	.401	159	195	.815	48	222	270	216	47	10	120	129	
2014-15	BRK	80	80	2,790.9	1,154	446	1,025	.435	121	337	.359	141	176	.801	53	331	384	292	59	14	137	120	
2015-16 *	All Teams	81	81	2,703.3	992	377	859	.439	120	313	.383	118	142	.831	49	243	292	318	61	4	159	146	
2015-16 *	BRK	57	57	1,934	671	247	608	.406	85	229	.371	92	108	.852	34	190	224	232	40	2	116	100	
2015-16 *	MIA	24	24	769.3	321	130	251	.518	35	84	.417	26	34	.765	15	53	68	86	21	2	43	46	
2016-17	UTH	78	14	1,842.9	715	273	626	.436	106	258	.411	63	77	.818	33	210	243	144	36	18	69	93	
2017-18 *	All Teams	55	4	1,204.8	372	146	360	.406	40	145	.276	40	45	.889	14	158	172	83	18	7	49	67	
2017-18 *	UTH	32	3	700.3	233	95	226	.420	23	84	.274	20	24	.833	12	95	107	45	12	6	31	32	
2017-18 *	HOU	23	1	504.5	139	51	134	.381	17	61	.279	20	21	.952	2	63	65	38	6	1	18	35	
2021-22	BOS	1	0	2	2	1	1	1.000	0	0	.000	0	0	.000	0	0	0	0	0	0	0	0	
CAREER	 	1277	1090	44,232.3	20,407	7,823	17,720	.441	1,978	5,331	.371	2,783	3,468	.802	1,068	3,991	5,059	5,001	1,071	260	2,451	2,252	
