Season	Team	GP	GS	MIN	PTS	FGM	FGA	FG%	3PM	3PA	3P%	FTM	FTA	FT%	OFF	DEF	TRB	AST	STL	BLK	TOV	PF	
1984-85	UTH	82	5	1,490	458	157	333	.471	2	11	.182	142	193	.736	26	79	105	415	109	11	150	203	
1985-86	UTH	82	38	1,935	630	228	466	.489	2	15	.133	172	205	.839	33	146	179	610	157	10	169	226	
1986-87	UTH	82	2	1,858	648	231	463	.499	7	38	.184	179	229	.782	32	119	151	670	177	14	164	224	
1987-88	UTH	82	79	2,842	1,204	454	791	.574	24	67	.358	272	324	.840	54	183	237	1,128	242	16	262	247	
1988-89
☆	UTH	82	82	3,171	1,400	497	923	.538	16	66	.242	390	452	.863	83	165	248	1,118	263	14	308	241	
1989-90
☆	UTH	78	78	2,915	1,345	472	918	.514	47	113	.416	354	432	.819	57	149	206	1,134	207	18	272	233	
1990-91
☆	UTH	82	82	3,103	1,413	496	978	.507	58	168	.345	363	434	.836	46	191	237	1,164	234	16	298	233	
1991-92
☆	UTH	82	82	3,002	1,297	453	939	.482	83	204	.407	308	366	.842	68	202	270	1,126	244	22	286	234	
1992-93
☆	UTH	82	82	2,863	1,239	437	899	.486	72	187	.385	293	367	.798	64	173	237	987	199	21	266	224	
1993-94
☆	UTH	82	82	2,969	1,236	458	868	.528	48	149	.322	272	338	.805	72	186	258	1,031	199	22	266	236	
1994-95
☆	UTH	82	82	2,867	1,206	429	791	.542	102	227	.449	246	306	.804	57	194	251	1,011	194	22	267	215	
1995-96
☆	UTH	82	82	2,915	1,209	440	818	.538	95	225	.422	234	282	.830	54	172	226	916	140	15	246	207	
1996-97
☆	UTH	82	82	2,896	1,183	416	759	.548	76	180	.422	275	325	.846	45	183	228	860	166	13	248	194	
1997-98	UTH	64	64	1,858	770	270	511	.528	39	91	.429	191	231	.827	35	131	166	543	89	10	161	138	
1998-99	UTH	50	50	1,410	553	200	410	.488	16	50	.320	137	169	.811	31	115	146	374	81	13	110	107	
1999-00
☆	UTH	82	82	2,432	990	363	725	.501	43	121	.355	221	257	.860	45	170	215	703	143	15	179	192	
2000-01	UTH	82	82	2,397	944	328	651	.504	61	132	.462	227	278	.817	54	173	227	713	132	21	203	194	
2001-02	UTH	82	82	2,566	1,102	401	775	.517	25	78	.321	275	321	.857	59	204	263	674	152	24	208	208	
2002-03	UTH	82	82	2,275	884	309	640	.483	29	80	.363	237	287	.826	51	150	201	629	137	16	182	184	
CAREER	 	1504	1300	47,764	19,711	7,039	13,658	.515	845	2,202	.384	4,788	5,796	.826	966	3,085	4,051	15,806	3,265	313	4,245	3,940	
