Season	Team	GP	GS	MIN	PTS	FGM	FGA	FG%	3PM	3PA	3P%	FTM	FTA	FT%	OFF	DEF	TRB	AST	STL	BLK	TOV	PF	
1974-75	ATL	78	-	2,289	1,442	527	1,230	.428	-	-	-	388	544	.713	357	479	836	138	119	39	-	274	
1975-76
☆	ATL	77	-	2,351	1,660	586	1,168	.502	-	-	-	488	656	.744	286	374	660	150	138	30	-	261	
1976-77	ATL	74	-	2,688	1,790	689	1,416	.487	-	-	-	412	577	.714	280	395	675	133	102	29	-	275	
1977-78	ATL	70	-	2,203	1,623	593	1,236	.480	-	-	-	437	575	.760	213	298	511	141	119	27	210	247	
1978-79	ATL	79	-	2,410	1,795	650	1,375	.473	-	-	-	495	677	.731	225	297	522	119	128	16	211	332	
1979-80
☆	ATL	80	-	2,306	1,559	535	1,182	.453	0	7	.000	489	646	.757	203	268	471	101	91	23	240	313	
1980-81	ATL	67	-	2,075	1,454	500	1,096	.456	0	7	.000	454	577	.787	145	238	383	79	98	15	194	264	
1981-82	ATL	70	51	2,040	1,298	465	957	.486	4	12	.333	364	491	.741	169	206	375	96	64	3	178	250	
1982-83	UTH	44	33	1,206	932	318	671	.474	0	5	.000	296	392	.755	98	137	235	97	35	7	135	152	
1983-84	UTH	81	4	1,797	1,430	511	1,067	.479	6	22	.273	402	517	.778	146	192	338	135	88	2	192	208	
1984-85	UTH	19	16	463	308	107	260	.412	0	4	.000	94	122	.770	36	46	82	35	22	2	42	65	
CAREER	 	739	104	21,828	15,291	5,481	11,658	.470	10	57	.175	4,319	5,774	.748	2,158	2,930	5,088	1,224	1,004	193	1,402	2,641	
