Season	Team	GP	GS	MIN	PTS	FGM	FGA	FG%	3PM	3PA	3P%	FTM	FTA	FT%	OFF	DEF	TRB	AST	STL	BLK	TOV	PF	
2009-10	PHL	73	51	24.2	8.04	3.15	7.12	.442	0.85	2.18	.390	0.89	1.18	.756	0.77	1.85	2.62	3.84	1.08	0.25	2.14	2.10	
2010-11	PHL	82	82	35.4	13.96	5.44	12.18	.446	0.99	2.71	.365	2.10	2.55	.823	0.83	3.22	4.05	6.46	1.46	0.35	2.66	2.48	
2011-12	PHL	65	65	33.8	13.52	5.54	12.83	.432	1.00	2.63	.380	1.45	1.85	.783	0.88	2.38	3.26	4.46	1.58	0.28	2.08	2.11	
2012-13
☆	PHL	78	78	37.5	17.73	7.12	16.51	.431	1.17	3.17	.368	2.33	3.10	.752	1.14	3.08	4.22	8.01	1.58	0.41	3.74	2.18	
2013-14	NOP	34	34	33.6	14.32	5.97	13.35	.447	0.88	2.26	.390	1.50	1.85	.810	0.82	3.35	4.18	7.88	1.65	0.35	3.09	2.71	
2014-15	NOP	40	37	32.6	14.80	5.95	13.35	.446	1.27	3.38	.378	1.62	1.90	.855	0.80	2.58	3.38	6.85	1.57	0.57	2.27	2.75	
2015-16	NOP	65	23	28.2	16.75	6.31	14.38	.439	1.34	3.98	.336	2.80	3.32	.843	0.42	2.58	3.00	6.02	1.35	0.34	2.57	2.28	
2016-17	NOP	67	61	32.7	15.36	6.04	13.33	.454	1.49	4.19	.356	1.78	2.51	.708	0.69	3.25	3.94	7.28	1.49	0.66	2.90	1.99	
2017-18	NOP	81	81	36.1	18.98	7.59	15.36	.494	1.48	4.40	.337	2.31	2.94	.786	0.77	3.74	4.51	6.00	1.52	0.79	2.63	2.48	
2018-19	NOP	67	67	35.9	21.19	8.16	17.30	.472	1.76	5.42	.325	3.10	4.04	.768	1.12	3.87	4.99	7.73	1.63	0.81	3.13	2.21	
2019-20	NOP	61	61	34.7	19.13	7.51	16.49	.455	2.00	5.67	.353	2.11	2.98	.709	1.26	3.54	4.80	6.69	1.62	0.79	3.02	2.38	
2020-21	MIL	59	56	32.3	17.73	7.02	13.95	.503	1.88	4.80	.392	1.81	2.31	.787	1.24	3.31	4.54	6.05	1.63	0.63	2.15	1.66	
2021-22	MIL	67	64	32.9	18.28	7.13	14.24	.501	1.97	4.79	.411	2.04	2.69	.761	1.03	3.46	4.49	6.82	1.61	0.43	2.73	1.99	
2022-23
☆	MIL	67	65	32.6	19.25	7.31	15.27	.479	2.36	6.13	.384	2.27	2.64	.859	1.18	3.91	5.09	7.39	1.18	0.37	2.94	1.73	
CAREER	 	906	825	33.1	16.42	6.46	13.98	.462	1.47	4.01	.366	2.04	2.61	.783	0.92	3.16	4.09	6.48	1.49	0.50	2.73	2.19	
