Season	Team	GP	GS	MIN	PTS	FGM	FGA	FG%	3PM	3PA	3P%	FTM	FTA	FT%	OFF	DEF	TRB	AST	STL	BLK	TOV	PF	
1976-77
☆	PHL	82	-	2,940	1,770	685	1,373	.499	-	-	-	400	515	.777	192	503	695	306	159	113	-	251	
1977-78
☆	PHL	74	-	2,429	1,528	611	1,217	.502	-	-	-	306	362	.845	179	302	481	279	135	97	238	207	
1978-79
☆	PHL	78	-	2,802	1,803	715	1,455	.491	-	-	-	373	501	.745	198	366	564	357	133	100	315	207	
1979-80
☆	PHL	78	-	2,812	2,100	838	1,614	.519	4	20	.200	420	534	.787	215	361	576	355	170	140	284	208	
1980-81
★	PHL	82	-	2,874	2,014	794	1,524	.521	4	18	.222	422	536	.787	244	413	657	364	173	147	266	233	
1981-82
☆	PHL	81	81	2,789	1,974	780	1,428	.546	3	11	.273	411	539	.763	220	337	557	319	161	141	214	229	
1982-83
☆	PHL	72	72	2,421	1,542	605	1,170	.517	2	7	.286	330	435	.759	173	318	491	263	112	131	196	202	
1983-84
☆	PHL	77	77	2,683	1,727	678	1,324	.512	7	21	.333	364	483	.754	190	342	532	309	141	139	230	217	
1984-85
☆	PHL	78	78	2,535	1,561	610	1,236	.494	3	14	.214	338	442	.765	172	242	414	233	135	109	208	199	
1985-86
☆	PHL	74	74	2,474	1,340	521	1,085	.480	9	32	.281	289	368	.785	169	201	370	248	114	82	213	196	
1986-87
☆	PHL	60	60	1,918	1,005	400	850	.471	14	53	.264	191	235	.813	115	149	264	191	76	94	158	137	
CAREER	 	836	823	28,677	18,364	7,237	14,276	.507	46	176	.261	3,844	4,950	.777	2,067	3,534	5,601	3,224	1,509	1,293	2,322	2,286	
