Season	Team	GP	GS	MIN	PTS	FGM	FGA	FG%	3PM	3PA	3P%	FTM	FTA	FT%	OFF	DEF	TRB	AST	STL	BLK	TOV	PF	
1969-70
☆	MIL	82	-	3,534	2,361	938	1,810	.518	-	-	-	485	743	.653	-	-	1,190	337	-	-	-	283	
1970-71
★	MIL	82	-	3,288	2,596	1,063	1,843	.577	-	-	-	470	681	.690	-	-	1,311	272	-	-	-	264	
1971-72
★	MIL	81	-	3,583	2,822	1,159	2,019	.574	-	-	-	504	732	.689	-	-	1,346	370	-	-	-	235	
1972-73
☆	MIL	76	-	3,254	2,292	982	1,772	.554	-	-	-	328	460	.713	-	-	1,224	379	-	-	-	208	
1973-74
★	MIL	81	-	3,548	2,191	948	1,759	.539	-	-	-	295	420	.702	287	891	1,178	386	112	283	-	238	
1974-75
☆	MIL	65	-	2,747	1,949	812	1,584	.513	-	-	-	325	426	.763	194	718	912	264	65	212	-	205	
1975-76
★	LAL	82	-	3,379	2,275	914	1,728	.529	-	-	-	447	636	.703	272	1,111	1,383	413	119	338	-	292	
1976-77
★	LAL	82	-	3,016	2,152	888	1,533	.579	-	-	-	376	536	.701	266	824	1,090	319	101	261	-	262	
1977-78	LAL	62	-	2,265	1,600	663	1,205	.550	-	-	-	274	350	.783	186	615	801	269	103	185	208	182	
1978-79
☆	LAL	80	-	3,157	1,903	777	1,347	.577	-	-	-	349	474	.736	207	818	1,025	431	76	316	282	230	
1979-80
★	LAL	82	-	3,143	2,034	835	1,383	.604	0	1	.000	364	476	.765	190	696	886	371	81	280	297	216	
1980-81
☆	LAL	80	-	2,976	2,095	836	1,457	.574	0	1	.000	423	552	.766	197	624	821	272	59	228	249	244	
1981-82
☆	LAL	76	76	2,677	1,818	753	1,301	.579	0	3	.000	312	442	.706	172	487	659	225	63	207	230	224	
1982-83
☆	LAL	79	79	2,554	1,722	722	1,228	.588	0	2	.000	278	371	.749	167	425	592	200	61	170	200	220	
1983-84
☆	LAL	80	80	2,622	1,717	716	1,238	.578	0	1	.000	285	394	.723	169	418	587	211	55	143	221	211	
1984-85
☆	LAL	79	79	2,630	1,735	723	1,207	.599	0	1	.000	289	395	.732	162	460	622	249	63	162	197	238	
1985-86
☆	LAL	79	79	2,629	1,846	755	1,338	.564	0	2	.000	336	439	.765	133	346	479	280	67	130	203	248	
1986-87
☆	LAL	78	78	2,441	1,366	560	993	.564	1	3	.333	245	343	.714	152	371	523	203	49	97	186	245	
1987-88
☆	LAL	80	80	2,308	1,165	480	903	.532	0	1	.000	205	269	.762	118	358	476	135	48	92	159	216	
1988-89
☆	LAL	74	74	1,695	748	313	659	.475	0	3	.000	122	165	.739	103	231	334	74	38	85	95	196	
CAREER	 	1560	625	57,446	38,387	15,837	28,307	.559	1	18	.056	6,712	9,304	.721	2,975	9,393	17,439	5,660	1,160	3,189	2,527	4,657	
