Season	Team	GP	GS	MIN	PTS	FGM	FGA	FG%	3PM	3PA	3P%	FTM	FTA	FT%	OFF	DEF	TRB	AST	STL	BLK	TOV	PF	
1969-70
☆	MIL	82	-	3534	2361	938	1810	.518	-	-	-	485	743	.653	-	-	1190	337	-	-	-	283	
1970-71
★	MIL	82	-	3288	2596	1063	1843	.577	-	-	-	470	681	.690	-	-	1311	272	-	-	-	264	
1971-72
★	MIL	81	-	3583	2822	1159	2019	.574	-	-	-	504	732	.689	-	-	1346	370	-	-	-	235	
1972-73
☆	MIL	76	-	3254	2292	982	1772	.554	-	-	-	328	460	.713	-	-	1224	379	-	-	-	208	
1973-74
★	MIL	81	-	3548	2191	948	1759	.539	-	-	-	295	420	.702	287	891	1178	386	112	283	-	238	
1974-75
☆	MIL	65	-	2747	1949	812	1584	.513	-	-	-	325	426	.763	194	718	912	264	65	212	-	205	
1975-76
★	LAL	82	-	3379	2275	914	1728	.529	-	-	-	447	636	.703	272	1111	1383	413	119	338	-	292	
1976-77
★	LAL	82	-	3016	2152	888	1533	.579	-	-	-	376	536	.701	266	824	1090	319	101	261	-	262	
1977-78	LAL	62	-	2265	1600	663	1205	.550	-	-	-	274	350	.783	186	615	801	269	103	185	208	182	
1978-79
☆	LAL	80	-	3157	1903	777	1347	.577	-	-	-	349	474	.736	207	818	1025	431	76	316	282	230	
1979-80
★	LAL	82	-	3143	2034	835	1383	.604	0	1	.000	364	476	.765	190	696	886	371	81	280	297	216	
1980-81
☆	LAL	80	-	2976	2095	836	1457	.574	0	1	.000	423	552	.766	197	624	821	272	59	228	249	244	
1981-82
☆	LAL	76	76	2677	1818	753	1301	.579	0	3	.000	312	442	.706	172	487	659	225	63	207	230	224	
1982-83
☆	LAL	79	79	2554	1722	722	1228	.588	0	2	.000	278	371	.749	167	425	592	200	61	170	200	220	
1983-84
☆	LAL	80	80	2622	1717	716	1238	.578	0	1	.000	285	394	.723	169	418	587	211	55	143	221	211	
1984-85
☆	LAL	79	79	2630	1735	723	1207	.599	0	1	.000	289	395	.732	162	460	622	249	63	162	197	238	
1985-86
☆	LAL	79	79	2629	1846	755	1338	.564	0	2	.000	336	439	.765	133	346	479	280	67	130	203	248	
1986-87
☆	LAL	78	78	2441	1366	560	993	.564	1	3	.333	245	343	.714	152	371	523	203	49	97	186	245	
1987-88
☆	LAL	80	80	2308	1165	480	903	.532	0	1	.000	205	269	.762	118	358	476	135	48	92	159	216	
1988-89
☆	LAL	74	74	1695	748	313	659	.475	0	3	.000	122	165	.739	103	231	334	74	38	85	95	196	
CAREER	 	1560	625	57446	38387	15837	28307	.559	1	18	.056	6712	9304	.721	2975	9393	17439	5660	1160	3189	2527	4657	
