Season	Team	GP	GS	MIN	PTS	FGM	FGA	FG%	3PM	3PA	3P%	FTM	FTA	FT%	OFF	DEF	TRB	AST	STL	BLK	TOV	PF	
2011-12	CHA	66	25	27.2	12.11	4.26	11.62	.366	1.05	3.42	.305	2.55	3.23	.789	0.45	3.09	3.55	4.38	0.91	0.30	1.80	1.20	
2012-13	CHA	82	82	34.9	17.74	6.41	15.17	.423	1.30	4.05	.322	3.61	4.52	.798	0.73	2.72	3.45	5.74	1.95	0.38	2.44	1.87	
2013-14	CHA	73	73	35.8	17.66	6.15	15.66	.393	1.49	4.48	.333	3.86	4.62	.837	0.53	3.66	4.19	6.12	1.18	0.44	2.32	1.75	
2014-15	CHA	62	58	34.2	17.34	6.10	15.82	.385	1.37	4.52	.304	3.77	4.56	.827	0.56	2.98	3.55	5.13	1.44	0.50	1.61	1.48	
2015-16	CHA	81	81	35.6	20.85	7.01	16.43	.427	2.25	6.05	.371	4.58	5.41	.847	0.69	3.72	4.41	5.20	1.57	0.48	2.11	1.37	
2016-17
☆	CHA	79	79	34.7	23.16	8.14	18.35	.443	3.04	7.62	.399	3.85	4.54	.847	0.57	3.33	3.90	5.49	1.08	0.28	2.13	1.51	
2017-18
☆	CHA	80	80	34.2	22.12	7.35	17.04	.431	2.89	7.51	.384	4.54	5.25	.864	0.40	2.70	3.10	5.55	1.14	0.30	2.24	1.23	
2018-19
☆	CHA	82	82	34.9	25.63	8.91	20.54	.434	3.17	8.91	.356	4.63	5.49	.844	0.63	3.77	4.40	5.90	1.24	0.41	2.57	1.60	
2019-20
☆	BOS	56	56	31.1	20.45	6.75	15.88	.425	3.21	8.45	.381	3.73	4.32	.864	0.64	3.23	3.88	4.79	0.86	0.50	2.09	1.62	
2020-21	BOS	43	43	31.8	19.28	6.60	15.72	.420	2.95	8.21	.360	3.12	3.47	.899	0.37	3.58	3.95	4.93	1.12	0.28	2.05	1.42	
2021-22	NYK	37	37	25.6	11.65	4.03	10.00	.403	1.97	5.38	.367	1.62	1.92	.845	0.38	2.62	3.00	3.54	0.70	0.19	1.30	1.00	
2022-23	DAL	9	1	16.0	8.00	2.67	6.33	.421	0.78	3.11	.250	1.89	2.33	.810	0.33	1.44	1.78	2.11	0.22	0.22	0.44	1.22	
CAREER	 	750	697	33.1	19.31	6.67	15.94	.418	2.23	6.19	.360	3.76	4.47	.840	0.56	3.22	3.77	5.25	1.23	0.38	2.10	1.48	
