Season	Team	GP	GS	MIN	PTS	FGM	FGA	FG%	3PM	3PA	3P%	FTM	FTA	FT%	OFF	DEF	TRB	AST	STL	BLK	TOV	PF	
1980-81	BOS	82	-	1,645	818	355	666	.533	0	2	.000	108	159	.679	155	204	359	55	27	151	110	260	
1981-82	BOS	82	33	2,332	1,117	465	875	.531	0	0	.000	187	248	.754	191	365	556	91	30	185	137	264	
1982-83	BOS	82	13	2,345	1,159	483	893	.541	0	1	.000	193	269	.717	215	338	553	104	34	192	159	241	
1983-84
☆	BOS	82	10	2,577	1,511	587	1,055	.556	1	3	.333	336	439	.765	208	402	610	104	23	126	150	243	
1984-85	BOS	79	31	2,653	1,565	605	1,062	.570	0	6	.000	355	467	.760	229	483	712	141	28	120	157	234	
1985-86
☆	BOS	68	62	2,397	1,448	561	978	.574	0	0	.000	326	420	.776	171	380	551	181	29	134	149	192	
1986-87
☆	BOS	77	77	3,063	2,007	790	1,307	.604	0	4	.000	427	511	.836	247	516	763	198	38	172	197	240	
1987-88
☆	BOS	64	63	2,390	1,446	550	911	.604	0	0	.000	346	434	.797	159	377	536	171	27	92	141	179	
1988-89
☆	BOS	78	74	2,876	1,758	661	1,211	.546	0	4	.000	436	533	.818	223	414	637	172	26	97	196	223	
1989-90
☆	BOS	82	25	2,722	1,712	648	1,181	.549	23	69	.333	393	440	.893	201	476	677	172	30	157	183	250	
1990-91
☆	BOS	68	10	2,067	1,251	504	912	.553	15	37	.405	228	275	.829	145	335	480	126	25	146	140	194	
1991-92	BOS	56	1	1,398	780	323	634	.509	0	13	.000	134	163	.822	119	211	330	82	11	59	82	112	
1992-93	BOS	71	0	1,656	762	298	649	.459	2	18	.111	164	195	.841	95	263	358	73	16	58	92	126	
CAREER	 	971	400	30,121	17,334	6,830	12,334	.554	41	157	.261	3,633	4,553	.798	2,358	4,764	7,122	1,670	344	1,689	1,893	2,758	
