Season	Team	GP	GS	MIN	PTS	FGM	FGA	FG%	3PM	3PA	3P%	FTM	FTA	FT%	OFF	DEF	TRB	AST	STL	BLK	TOV	PF	
2008-09	MIN	81	37	25.3	11.10	3.90	8.49	.459	0.02	0.23	.105	3.27	4.15	.789	3.38	5.68	9.06	1.04	0.43	0.62	1.46	2.53	
2009-10	MIN	60	22	28.6	14.03	4.85	10.77	.450	0.58	1.77	.330	3.75	4.60	.815	3.78	7.18	10.97	2.27	0.72	0.38	1.95	2.27	
2010-11
☆	MIN	73	73	35.8	20.22	6.60	14.05	.470	1.21	2.89	.417	5.81	6.84	.850	4.52	10.71	15.23	2.52	0.62	0.38	2.12	2.03	
2011-12
☆	MIN	55	55	39.0	26.04	8.62	19.25	.448	1.91	5.13	.372	6.89	8.36	.824	4.11	9.24	13.35	2.02	0.85	0.51	2.33	2.76	
2012-13	MIN	18	18	34.3	18.33	5.83	16.56	.352	1.11	5.11	.217	5.56	7.89	.704	3.56	10.44	14.00	2.33	0.72	0.50	2.17	1.89	
2013-14
☆	MIN	77	77	36.3	26.10	8.44	18.45	.457	2.47	6.56	.376	6.75	8.22	.821	2.91	9.60	12.51	4.43	0.77	0.45	2.55	1.77	
2014-15	CLE	75	75	33.8	16.37	5.51	12.69	.434	1.92	5.23	.367	3.44	4.28	.804	1.89	7.85	9.75	2.24	0.68	0.52	1.63	1.87	
2015-16	CLE	77	77	31.5	16.03	5.31	12.69	.419	2.05	5.70	.360	3.35	4.08	.822	1.94	7.96	9.90	2.42	0.75	0.53	1.84	2.06	
2016-17
☆	CLE	60	60	31.4	19.03	6.17	14.45	.427	2.42	6.48	.373	4.28	4.92	.871	2.47	8.63	11.10	1.93	0.88	0.35	2.03	2.08	
2017-18
☆	CLE	59	59	28.0	17.61	5.66	12.36	.458	2.32	5.59	.415	3.97	4.51	.880	1.71	7.54	9.25	1.75	0.73	0.41	1.53	2.03	
2018-19	CLE	22	21	27.2	17.00	4.95	12.86	.385	2.41	6.68	.361	4.68	5.18	.904	1.50	9.36	10.86	2.18	0.27	0.23	1.91	2.45	
2019-20	CLE	56	56	31.8	17.62	5.84	12.98	.450	2.61	6.96	.374	3.34	3.91	.854	0.96	8.80	9.77	3.18	0.59	0.34	2.50	1.61	
2020-21	CLE	25	25	24.9	12.20	4.12	10.08	.409	2.28	6.24	.365	1.68	2.04	.824	0.68	6.76	7.44	2.52	0.64	0.08	1.52	1.04	
2021-22	CLE	74	4	22.5	13.61	4.42	10.28	.430	2.53	6.45	.392	2.24	2.68	.838	1.18	6.07	7.24	2.16	0.35	0.24	1.32	1.36	
2022-23 *	All Teams	62	20	20.0	8.21	2.66	6.84	.389	1.60	4.77	.334	1.29	1.47	.879	0.95	5.48	6.44	1.87	0.26	0.19	1.13	1.56	
2022-23 *	CLE	41	3	20.0	8.46	2.71	6.95	.389	1.68	4.76	.354	1.37	1.54	.889	1.02	5.80	6.83	1.85	0.17	0.17	1.15	1.59	
2022-23 *	MIA	21	17	19.9	7.71	2.57	6.62	.388	1.43	4.81	.297	1.14	1.33	.857	0.81	4.86	5.67	1.90	0.43	0.24	1.10	1.52	
CAREER	 	874	679	30.1	16.95	5.58	12.71	.439	1.79	4.84	.370	4.00	4.82	.830	2.44	7.93	10.37	2.33	0.62	0.41	1.85	1.97	
