Season	Team	GP	GS	MIN	PTS	FGM	FGA	FG%	3PM	3PA	3P%	FTM	FTA	FT%	OFF	DEF	TRB	AST	STL	BLK	TOV	PF	
1995-96	MIN	80	43	2,293	835	361	735	.491	8	28	.286	105	149	.705	175	326	501	145	86	131	110	189	
1996-97
☆	MIN	77	77	2,995	1,309	549	1,100	.499	6	21	.286	205	272	.754	190	428	618	236	105	163	175	199	
1997-98
☆	MIN	82	82	3,222	1,518	635	1,293	.491	3	16	.188	245	332	.738	222	564	786	348	139	150	192	224	
1998-99	MIN	47	47	1,780	977	414	900	.460	4	14	.286	145	206	.704	166	323	489	202	78	83	135	152	
1999-00
☆	MIN	81	81	3,243	1,857	759	1,526	.497	30	81	.370	309	404	.765	223	733	956	401	120	126	268	205	
2000-01
☆	MIN	81	81	3,202	1,784	704	1,475	.477	19	66	.288	357	467	.764	219	702	921	401	111	145	230	204	
2001-02
☆	MIN	81	81	3,175	1,714	659	1,401	.470	37	116	.319	359	448	.801	243	738	981	422	96	126	229	183	
2002-03
☆	MIN	82	82	3,322	1,883	743	1,481	.502	20	71	.282	377	502	.751	244	858	1,102	495	113	129	229	199	
2003-04
★	MIN	82	82	3,231	1,987	804	1,611	.499	11	43	.256	368	465	.791	245	894	1,139	409	120	178	212	202	
2004-05
☆	MIN	82	82	3,121	1,817	683	1,360	.502	6	25	.240	445	549	.811	247	861	1,108	466	121	112	222	207	
2005-06
☆	MIN	76	76	2,956.7	1,656	626	1,191	.526	8	30	.267	396	489	.810	214	752	966	308	104	107	180	206	
2006-07
☆	MIN	76	76	2,995.1	1,704	638	1,341	.476	12	56	.214	416	498	.835	183	792	975	313	89	126	205	184	
2007-08
☆	BOS	71	71	2,328	1,337	534	990	.539	0	11	.000	269	336	.801	135	520	655	244	100	89	138	163	
2008-09
☆	BOS	57	57	1,771.5	899	393	740	.531	2	8	.250	111	132	.841	78	407	485	144	63	68	90	128	
2009-10
☆	BOS	69	69	2,060.2	990	402	772	.521	1	5	.200	185	221	.837	78	428	506	185	68	57	101	170	
2010-11
☆	BOS	71	71	2,219.7	1,056	434	822	.528	1	5	.200	187	217	.862	83	548	631	171	95	56	115	148	
2011-12	BOS	60	60	1,864.2	947	391	777	.503	3	9	.333	162	189	.857	66	428	494	175	56	61	107	141	
2012-13
☆	BOS	68	68	2,022.2	1,004	422	850	.496	2	16	.125	158	201	.786	75	455	530	159	78	62	110	154	
2013-14	BRK	54	54	1,108.6	352	157	356	.441	0	3	.000	38	47	.809	60	298	358	82	43	40	69	123	
2014-15 *	All Teams	47	47	952.5	323	143	306	.467	1	7	.143	36	45	.800	48	263	311	77	46	17	46	109	
2014-15 *	BRK	42	42	854.3	285	125	275	.455	1	6	.167	34	41	.829	46	239	285	69	41	13	45	96	
2014-15 *	MIN	5	5	98.2	38	18	31	.581	0	1	.000	2	4	.500	2	24	26	8	5	4	1	13	
2015-16	MIN	38	38	555.7	122	54	115	.470	0	1	.000	14	21	.667	15	135	150	62	28	10	16	70	
CAREER	 	1462	1425	50,418.2	26,071	10,505	21,142	.497	174	632	.275	4,887	6,190	.789	3,209	11,453	14,662	5,445	1,859	2,036	3,179	3,560	
