Season	Team	GP	GS	MIN	PTS	FGM	FGA	FG%	3PM	3PA	3P%	FTM	FTA	FT%	OFF	DEF	TRB	AST	STL	BLK	TOV	PF	
2007-08	SEA	80	80	34.6	20.30	7.34	17.07	.430	0.74	2.56	.288	4.89	5.60	.873	0.88	3.48	4.35	2.40	0.97	0.94	2.90	1.52	
2008-09	OKC	74	74	39.0	25.28	8.93	18.78	.476	1.31	3.11	.422	6.11	7.08	.863	1.04	5.47	6.51	2.77	1.30	0.72	3.04	1.81	
2009-10
☆	OKC	82	82	39.5	30.15	9.68	20.34	.476	1.56	4.28	.365	9.22	10.24	.900	1.28	6.32	7.60	2.82	1.37	1.02	3.30	2.09	
2010-11
☆	OKC	78	78	38.9	27.71	9.12	19.72	.462	1.86	5.31	.350	7.62	8.65	.880	0.73	6.10	6.83	2.74	1.13	0.97	2.79	2.04	
2011-12
☆	OKC	66	66	38.6	28.03	9.74	19.65	.496	2.02	5.21	.387	6.53	7.59	.860	0.61	7.38	7.98	3.50	1.33	1.17	3.76	2.02	
2012-13
☆	OKC	81	81	38.5	28.15	9.02	17.69	.510	1.72	4.12	.416	8.38	9.26	.905	0.57	7.33	7.90	4.62	1.43	1.30	3.46	1.77	
2013-14
★	OKC	81	81	38.5	32.01	10.48	20.84	.503	2.37	6.06	.391	8.68	9.94	.873	0.72	6.67	7.38	5.49	1.27	0.73	3.52	2.15	
2014-15
☆	OKC	27	27	33.8	25.41	8.81	17.30	.510	2.37	5.89	.403	5.41	6.33	.854	0.59	6.00	6.59	4.07	0.89	0.93	2.74	1.48	
2015-16
☆	OKC	72	72	35.8	28.18	9.69	19.18	.505	2.58	6.67	.388	6.21	6.92	.898	0.62	7.56	8.18	5.01	0.96	1.18	3.47	1.90	
2016-17
☆	GOS	62	62	33.4	25.08	8.89	16.55	.537	1.89	5.03	.375	5.42	6.19	.875	0.63	7.65	8.27	4.84	1.06	1.60	2.23	1.89	
2017-18
☆	GOS	68	68	34.2	26.35	9.26	17.97	.516	2.54	6.07	.419	5.28	5.94	.889	0.46	6.37	6.82	5.38	0.74	1.75	3.04	1.96	
2018-19
☆	GOS	78	78	34.6	25.99	9.24	17.73	.521	1.76	4.97	.353	5.74	6.49	.885	0.42	5.95	6.37	5.86	0.74	1.08	2.88	1.99	
2020-21
☆	BRK	35	32	33.0	26.94	9.26	17.23	.537	2.43	5.40	.450	6.00	6.80	.882	0.37	6.69	7.06	5.57	0.71	1.29	3.43	2.00	
2021-22
☆	BRK	55	55	37.2	29.87	10.51	20.27	.518	2.09	5.45	.383	6.76	7.44	.910	0.53	6.87	7.40	6.38	0.87	0.95	3.47	2.05	
2022-23 *
☆	All Teams	47	47	35.6	29.06	10.28	18.34	.560	1.98	4.89	.404	6.53	7.11	.919	0.36	6.30	6.66	5.00	0.72	1.43	3.32	2.11	
2022-23 *
☆	BRK	39	39	36.0	29.69	10.51	18.82	.559	1.82	4.85	.376	6.85	7.33	.934	0.36	6.36	6.72	5.31	0.82	1.46	3.49	2.36	
2022-23 *
☆	PHX	8	8	33.7	26.00	9.12	16.00	.570	2.75	5.12	.537	5.00	6.00	.833	0.38	6.00	6.38	3.50	0.25	1.25	2.50	0.88	
CAREER	 	986	983	36.7	27.27	9.33	18.70	.499	1.89	4.91	.385	6.73	7.59	.886	0.69	6.37	7.06	4.33	1.07	1.12	3.16	1.93	
