Season	Team	GP	GS	MIN	PTS	FGM	FGA	FG%	3PM	3PA	3P%	FTM	FTA	FT%	OFF	DEF	TRB	AST	STL	BLK	TOV	PF	
1980-81	DEN	51	-	1,376	588	229	537	.426	0	7	.000	130	159	.818	86	184	270	94	29	24	86	116	
1981-82	DEN	82	78	2,775	1,760	706	1,260	.560	1	13	.077	347	405	.857	149	312	461	247	52	29	189	217	
1982-83
☆	DEN	82	79	2,909	2,186	841	1,537	.547	15	51	.294	489	559	.875	124	313	437	203	66	38	177	198	
1983-84
☆	DEN	78	71	2,734	2,295	895	1,603	.558	11	30	.367	494	580	.852	84	289	373	238	53	50	156	187	
1984-85	POR	72	69	2,502	1,616	618	1,158	.534	11	33	.333	369	412	.896	74	154	228	106	37	22	116	116	
1985-86	POR	79	76	2,791	1,962	719	1,332	.540	1	8	.125	523	602	.869	92	124	216	187	53	17	176	161	
1986-87	POR	79	79	3,029	2,122	808	1,545	.523	39	80	.488	467	527	.886	86	165	251	220	52	17	139	137	
1987-88	POR	37	7	1,038	747	283	557	.508	22	58	.379	159	181	.878	36	73	109	71	21	7	48	68	
1988-89 *	All Teams	45	1	934	499	200	426	.469	19	48	.396	80	89	.899	26	45	71	69	19	11	41	76	
1988-89 *	NYK	27	0	502	248	97	209	.464	3	10	.300	51	56	.911	15	21	36	35	12	7	23	38	
1988-89 *	POR	18	1	432	251	103	217	.475	16	38	.421	29	33	.879	11	24	35	34	7	4	18	38	
1989-90	NYK	22	13	563	258	102	231	.442	10	19	.526	44	48	.917	15	38	53	41	15	3	26	28	
1990-91	NYK	75	72	2,420	1,226	458	927	.494	51	141	.362	259	288	.899	78	102	180	110	42	10	108	122	
1991-92	NYK	67	0	956	467	188	383	.491	26	66	.394	65	81	.802	31	57	88	57	15	8	27	87	
1992-93	LAC	41	3	494	254	92	203	.453	12	37	.324	58	66	.879	12	36	48	25	13	7	20	45	
CAREER	 	810	548	24,521	15,980	6,139	11,699	.525	218	591	.369	3,484	3,997	.872	893	1,892	2,785	1,668	467	243	1,309	1,558	
