Season	Team	GP	GS	MIN	PTS	FGM	FGA	FG%	3PM	3PA	3P%	FTM	FTA	FT%	OFF	DEF	TRB	AST	STL	BLK	TOV	PF	
2011-12	GOS	66	29	24.4	12.52	4.82	10.88	.443	1.68	4.06	.414	1.20	1.38	.868	0.36	2.08	2.44	2.02	0.74	0.30	1.56	2.35	
2012-13	GOS	82	82	35.8	16.57	6.20	14.70	.422	2.57	6.41	.401	1.61	1.91	.841	0.39	3.34	3.73	2.23	1.05	0.55	1.91	2.89	
2013-14	GOS	81	81	35.4	18.37	6.90	15.54	.444	2.75	6.60	.417	1.81	2.28	.795	0.47	2.60	3.07	2.23	0.91	0.46	1.67	2.89	
2014-15
☆	GOS	77	77	31.9	21.66	7.82	16.87	.463	3.10	7.08	.439	2.92	3.32	.879	0.35	2.86	3.21	2.88	1.13	0.78	1.94	1.58	
2015-16
☆	GOS	80	80	33.3	22.14	8.14	17.32	.470	3.45	8.12	.425	2.41	2.76	.873	0.44	3.39	3.83	2.08	0.75	0.61	1.73	1.90	
2016-17
☆	GOS	78	78	34.0	22.33	8.26	17.64	.468	3.44	8.29	.414	2.38	2.79	.853	0.63	3.03	3.65	2.05	0.85	0.51	1.64	1.78	
2017-18
☆	GOS	73	73	34.3	20.01	7.88	16.14	.488	3.14	7.12	.440	1.12	1.34	.837	0.42	3.37	3.79	2.53	0.75	0.47	1.75	1.60	
2018-19
☆	GOS	78	78	34.0	21.54	8.40	17.97	.467	3.09	7.68	.402	1.65	2.03	.816	0.47	3.36	3.83	2.38	1.08	0.60	1.47	2.01	
2021-22	GOS	32	32	29.4	20.38	7.69	17.91	.429	3.56	9.25	.385	1.44	1.59	.902	0.47	3.44	3.91	2.75	0.50	0.53	1.34	1.69	
2022-23	GOS	69	69	33.0	21.87	7.91	18.14	.436	4.36	10.59	.412	1.68	1.91	.879	0.57	3.58	4.14	2.36	0.71	0.42	1.78	1.88	
CAREER	 	716	679	32.9	19.77	7.41	16.27	.455	3.09	7.43	.416	1.86	2.19	.852	0.46	3.09	3.55	2.33	0.87	0.53	1.70	2.09	
