Season	Team	GP	GS	MIN	PTS	FGM	FGA	FG%	3PM	3PA	3P%	FTM	FTA	FT%	OFF	DEF	TRB	AST	STL	BLK	TOV	PF	
1996-97	LAL	71	6	1103	539	176	422	.417	51	136	.375	136	166	.819	47	85	132	91	49	23	112	102	
1997-98
☆	LAL	79	1	2056	1220	391	913	.428	75	220	.341	363	457	.794	79	163	242	199	74	40	157	180	
1998-99	LAL	50	50	1896	996	362	779	.465	27	101	.267	245	292	.839	53	211	264	190	72	50	157	153	
1999-00
☆	LAL	66	62	2524	1485	554	1183	.468	46	144	.319	331	403	.821	108	308	416	323	106	62	182	220	
2000-01
☆	LAL	68	68	2783	1938	701	1510	.464	61	200	.305	475	557	.853	104	295	399	338	114	43	220	222	
2001-02
☆	LAL	80	80	3063	2019	749	1597	.469	33	132	.250	488	589	.829	112	329	441	438	118	35	223	228	
2002-03
☆	LAL	82	82	3402	2461	868	1924	.451	124	324	.383	601	713	.843	106	458	564	481	181	67	288	218	
2003-04
☆	LAL	65	64	2447	1557	516	1178	.438	71	217	.327	454	533	.852	103	256	359	330	112	28	171	176	
2004-05
☆	LAL	66	66	2689	1819	573	1324	.433	131	387	.339	542	664	.816	95	297	392	398	86	53	270	174	
2005-06
☆	LAL	80	80	3276.6	2832	978	2173	.450	180	518	.347	696	819	.850	71	354	425	360	147	30	250	233	
2006-07
☆	LAL	77	77	3139.7	2430	813	1757	.463	137	398	.344	667	768	.868	75	364	439	413	111	36	255	205	
2007-08
★	LAL	82	82	3192.3	2323	775	1690	.459	150	415	.361	623	742	.840	94	423	517	441	151	40	257	227	
2008-09
☆	LAL	82	82	2960.4	2201	800	1712	.467	118	336	.351	483	564	.856	90	339	429	399	120	37	210	189	
2009-10
☆	LAL	73	73	2835.4	1970	716	1569	.456	99	301	.329	439	541	.811	78	313	391	365	113	20	233	187	
2010-11
☆	LAL	82	82	2778.7	2078	740	1639	.451	115	356	.323	483	583	.828	83	336	419	388	99	12	243	172	
2011-12
☆	LAL	58	58	2232.2	1616	574	1336	.430	87	287	.303	381	451	.845	66	247	313	264	69	18	204	105	
2012-13
☆	LAL	78	78	3012.6	2133	738	1595	.463	132	407	.324	525	626	.839	66	367	433	469	106	25	287	173	
2013-14
☆	LAL	6	6	177.3	83	31	73	.425	3	16	.188	18	21	.857	2	24	26	38	7	1	34	9	
2014-15
☆	LAL	35	35	1206.9	782	266	713	.373	54	184	.293	196	241	.813	26	173	199	197	47	7	128	65	
2015-16
☆	LAL	66	66	1863.3	1161	398	1113	.358	133	467	.285	232	281	.826	41	206	247	184	62	13	129	115	
CAREER	 	1346	1198	48638.4	33643	11719	26200	.447	1827	5546	.329	8378	10011	.837	1499	5548	7047	6306	1944	640	4010	3353	
