Season	Team	GP	GS	MIN	PTS	FGM	FGA	FG%	3PM	3PA	3P%	FTM	FTA	FT%	OFF	DEF	TRB	AST	STL	BLK	TOV	PF	
2006-07	MEM	10	0	17.5	5.60	1.40	3.80	.368	0.30	0.80	.375	2.50	2.80	.893	1.20	1.90	3.10	3.20	1.40	0.10	1.20	2.00	
2007-08	MEM	82	9	25.5	9.65	3.12	7.22	.432	0.44	1.71	.257	2.96	4.24	.698	0.50	2.55	3.05	3.61	1.12	0.27	1.55	2.26	
2008-09 *	All Teams	77	21	21.8	7.58	2.45	5.64	.435	0.32	1.27	.255	2.35	2.94	.801	0.34	2.12	2.45	3.57	0.90	0.22	1.52	1.90	
2008-09 *	MEM	49	21	21.9	7.55	2.29	5.55	.412	0.35	1.41	.246	2.63	3.29	.801	0.27	2.00	2.27	3.63	0.98	0.16	1.61	1.82	
2008-09 *	HOU	28	0	21.7	7.64	2.75	5.79	.475	0.29	1.04	.276	1.86	2.32	.800	0.46	2.32	2.79	3.46	0.75	0.32	1.36	2.04	
2009-10	HOU	68	0	24.3	9.12	2.71	6.82	.397	0.54	2.00	.272	3.16	3.82	.827	1.34	2.29	3.63	4.49	0.88	0.13	1.71	2.54	
2010-11	HOU	75	71	34.2	13.48	4.60	10.79	.426	1.72	4.57	.376	2.56	3.35	.765	1.19	2.93	4.12	6.67	1.36	0.31	2.11	2.76	
2011-12	HOU	47	38	32.1	14.26	4.47	10.91	.409	1.68	4.49	.374	3.64	4.21	.864	0.79	3.74	4.53	6.60	1.55	0.30	2.77	2.83	
2012-13	TOR	68	52	29.7	11.63	3.68	9.16	.401	1.49	4.10	.362	2.79	3.51	.795	0.82	3.90	4.72	6.40	1.38	0.35	2.31	3.21	
2013-14	TOR	79	79	36.2	17.94	5.78	13.67	.423	2.41	6.33	.380	3.96	4.87	.813	1.11	3.56	4.67	7.42	1.53	0.19	2.46	3.38	
2014-15
☆	TOR	70	70	34.5	17.77	6.14	14.90	.412	1.89	5.59	.338	3.60	4.46	.808	0.77	3.91	4.69	6.76	1.56	0.19	2.47	3.03	
2015-16
☆	TOR	77	77	37.0	21.22	6.65	15.56	.427	2.75	7.10	.388	5.17	6.38	.811	0.71	4.03	4.74	6.42	2.05	0.44	2.92	2.74	
2016-17
☆	TOR	60	60	37.4	22.40	7.10	15.30	.464	3.22	7.80	.412	4.98	6.08	.819	0.80	3.97	4.77	6.95	1.47	0.32	2.88	2.83	
2017-18
☆	TOR	78	78	32.2	16.24	5.17	12.10	.427	3.05	7.64	.399	2.86	3.35	.854	0.85	4.72	5.56	6.88	1.09	0.24	2.35	2.46	
2018-19
☆	TOR	65	65	34.1	14.25	4.68	11.37	.411	2.42	6.97	.347	2.48	2.98	.830	0.63	4.17	4.80	8.68	1.40	0.48	2.80	2.55	
2019-20
☆	TOR	58	58	36.2	19.41	5.76	13.84	.416	2.83	8.03	.352	5.07	5.91	.857	0.55	4.48	5.03	7.47	1.41	0.45	3.07	3.28	
2020-21	TOR	46	46	34.8	17.20	5.65	12.96	.436	2.85	7.20	.396	3.04	3.48	.875	0.76	4.61	5.37	7.35	0.98	0.30	2.74	3.11	
2021-22	MIA	63	63	33.9	13.40	4.38	9.95	.440	2.29	6.06	.377	2.35	2.76	.851	0.52	3.95	4.48	7.52	1.06	0.27	2.67	2.81	
2022-23	MIA	55	44	31.2	11.18	3.56	8.82	.404	1.95	5.64	.345	2.11	2.45	.859	0.78	3.31	4.09	5.11	1.04	0.38	1.87	2.60	
CAREER	 	1078	831	31.8	14.59	4.68	11.04	.424	1.93	5.25	.367	3.30	4.05	.815	0.79	3.57	4.36	6.26	1.31	0.30	2.34	2.74	
