Season	Team	GP	GS	MIN	PTS	FGM	FGA	FG%	3PM	3PA	3P%	FTM	FTA	FT%	OFF	DEF	TRB	AST	STL	BLK	TOV	PF	
2011-12	CLE	51	51	30.5	18.51	6.86	14.65	.469	1.43	3.59	.399	3.35	3.84	.872	0.86	2.88	3.75	5.39	1.06	0.39	3.14	2.16	
2012-13
☆	CLE	59	59	34.7	22.46	8.20	18.14	.452	1.85	4.73	.391	4.20	4.92	.855	0.58	3.08	3.66	5.93	1.51	0.36	3.24	2.47	
2013-14
☆	CLE	71	71	35.2	20.82	7.49	17.42	.430	1.73	4.85	.358	4.10	4.76	.861	0.73	2.92	3.65	6.10	1.52	0.32	2.68	2.30	
2014-15
☆	CLE	75	75	36.4	21.71	7.71	16.47	.468	2.09	5.04	.415	4.20	4.87	.863	0.73	2.43	3.16	5.19	1.52	0.27	2.48	1.95	
2015-16	CLE	53	53	31.5	19.64	7.43	16.58	.448	1.58	4.92	.322	3.19	3.60	.885	0.83	2.13	2.96	4.70	1.06	0.34	2.34	2.02	
2016-17
☆	CLE	72	72	35.1	25.22	9.32	19.72	.473	2.46	6.12	.401	4.12	4.56	.905	0.72	2.47	3.19	5.81	1.15	0.33	2.50	2.18	
2017-18
☆	BOS	60	60	32.2	24.43	8.90	18.12	.491	2.77	6.78	.408	3.87	4.35	.889	0.55	3.23	3.78	5.10	1.08	0.28	2.33	2.03	
2018-19
☆	BOS	67	67	33.0	23.82	9.01	18.52	.487	2.60	6.48	.401	3.19	3.66	.873	1.06	3.94	5.00	6.93	1.54	0.51	2.57	2.49	
2019-20	BRK	20	20	32.9	27.40	9.95	20.80	.478	2.80	7.10	.394	4.70	5.10	.922	1.10	4.05	5.15	6.40	1.35	0.50	2.60	2.65	
2020-21
☆	BRK	54	54	34.9	26.87	10.17	20.11	.506	2.81	7.00	.402	3.72	4.04	.922	0.96	3.80	4.76	6.00	1.41	0.69	2.41	2.59	
2021-22	BRK	29	29	37.6	27.45	9.97	21.24	.469	3.45	8.24	.418	4.07	4.45	.915	0.55	3.83	4.38	5.76	1.41	0.59	2.52	2.79	
2022-23 *
☆	All Teams	60	60	37.3	27.05	9.90	20.05	.494	3.13	8.27	.379	4.12	4.55	.905	0.98	4.08	5.07	5.52	1.10	0.75	2.13	2.75	
2022-23 *
☆	BRK	40	40	36.9	27.10	9.95	20.48	.486	3.25	8.70	.374	3.95	4.47	.883	0.95	4.15	5.10	5.28	1.02	0.82	2.27	2.73	
2022-23 *
☆	DAL	20	20	38.1	26.95	9.80	19.20	.510	2.90	7.40	.392	4.45	4.70	.947	1.05	3.95	5.00	6.00	1.25	0.60	1.85	2.80	
CAREER	 	671	671	34.3	23.42	8.61	18.24	.472	2.32	5.93	.392	3.87	4.38	.885	0.80	3.14	3.94	5.71	1.31	0.43	2.57	2.32	
