Season	Team	GP	GS	MIN	PTS	FGM	FGA	FG%	3PM	3PA	3P%	FTM	FTA	FT%	OFF	DEF	TRB	AST	STL	BLK	TOV	PF	
2006-07	POR	63	22	1,391.8	565	241	479	.503	0	2	.000	83	115	.722	144	168	312	24	22	73	43	186	
2007-08	POR	76	76	2,649	1,350	561	1,160	.484	1	7	.143	227	298	.762	220	358	578	122	55	94	126	240	
2008-09	POR	81	81	3,003.9	1,470	601	1,243	.484	7	28	.250	261	334	.781	234	371	605	157	77	77	121	207	
2009-10	POR	78	78	2,921.6	1,393	579	1,169	.495	5	16	.313	230	304	.757	192	435	627	160	67	48	104	231	
2010-11	POR	81	81	3,211.4	1,769	707	1,415	.500	4	23	.174	351	444	.791	278	431	709	170	82	94	153	220	
2011-12
☆	POR	55	55	1,994.4	1,191	483	943	.512	2	11	.182	223	274	.814	150	292	442	134	51	45	111	153	
2012-13
☆	POR	74	74	2,789.9	1,560	638	1,318	.484	2	14	.143	282	348	.810	175	495	670	192	62	91	143	187	
2013-14
☆	POR	69	69	2,498.4	1,603	652	1,423	.458	3	15	.200	296	360	.822	166	599	765	178	63	68	123	147	
2014-15
☆	POR	71	71	2,511.6	1,661	659	1,415	.466	37	105	.352	306	362	.845	177	549	726	124	48	68	122	125	
2015-16
☆	SAN	74	74	2,260.9	1,331	536	1,045	.513	0	16	.000	259	302	.858	176	456	632	110	38	81	99	151	
2016-17	SAN	72	72	2,335	1,243	500	1,049	.477	23	56	.411	220	271	.812	172	351	523	139	46	88	98	158	
2017-18
☆	SAN	75	75	2,508.7	1,735	687	1,347	.510	27	92	.293	334	399	.837	246	389	635	152	43	90	112	161	
2018-19
☆	SAN	81	81	2,686.8	1,727	684	1,319	.519	10	42	.238	349	412	.847	251	493	744	194	43	107	144	179	
2019-20	SAN	53	53	1,754.1	1,001	391	793	.493	61	157	.389	158	191	.827	103	289	392	129	36	87	74	128	
2020-21 *	All Teams	26	23	674.5	352	140	296	.473	31	80	.388	41	47	.872	19	99	118	49	11	29	27	47	
2020-21 *	SAN	21	18	544.2	288	115	248	.464	27	75	.360	31	37	.838	17	77	94	36	8	18	20	36	
2020-21 *	BRK	5	5	130.3	64	25	48	.521	4	5	.800	10	10	1.000	2	22	24	13	3	11	7	11	
2021-22	BRK	47	12	1,050.1	607	252	458	.550	14	46	.304	89	102	.873	73	185	258	42	14	47	44	78	
CAREER	 	1076	997	36,242	20,558	8,311	16,872	.493	227	710	.320	3,709	4,563	.813	2,776	5,960	8,736	2,076	758	1,187	1,644	2,598	
