Season	Team	GP	GS	MIN	PTS	FGM	FGA	FG%	3PM	3PA	3P%	FTM	FTA	FT%	OFF	DEF	TRB	AST	STL	BLK	TOV	PF	
1981-82	PHX	80	0	1,186	529	227	436	.521	0	1	.000	75	117	.641	95	161	256	82	42	71	104	169	
1982-83	PHX	82	82	2,914	1,370	588	1,069	.550	1	3	.333	193	287	.672	239	471	710	197	99	217	190	254	
1983-84	PHX	82	82	2,899	1,451	601	1,044	.576	0	7	.000	249	352	.707	227	451	678	214	86	174	177	274	
1984-85
☆	PHX	61	55	2,202	1,211	515	877	.587	1	2	.500	180	254	.709	195	341	536	159	88	104	136	185	
1985-86	PHX	73	69	2,464	1,474	582	1,001	.581	0	8	.000	310	444	.698	169	449	618	240	70	130	210	247	
1986-87	PHX	69	67	2,569	1,552	585	1,062	.551	1	5	.200	381	493	.773	188	411	599	233	86	148	149	223	
1987-88 *	All Teams	67	60	2,383	1,280	487	920	.529	2	6	.333	304	390	.779	193	414	607	207	63	159	155	242	
1987-88 *	PHX	40	34	1,477	843	327	616	.531	2	5	.400	187	249	.751	119	275	394	123	45	96	106	152	
1987-88 *	CLE	27	26	906	437	160	304	.526	0	1	.000	117	141	.830	74	139	213	84	18	63	49	90	
1988-89
☆	CLE	73	72	2,526	1,259	496	920	.539	0	4	.000	267	334	.799	156	425	581	159	57	206	117	186	
1989-90	CLE	62	53	2,065	1,011	412	807	.511	1	1	1.000	186	239	.778	162	354	516	161	54	122	110	185	
1990-91	CLE	80	78	2,925	1,537	635	1,211	.524	2	8	.250	265	330	.803	201	485	686	237	66	200	131	219	
1991-92	CLE	81	81	2,880	1,375	556	1,032	.539	0	6	.000	263	320	.822	213	457	670	232	80	243	87	200	
1992-93
☆	CLE	77	77	2,753	1,268	533	971	.549	0	4	.000	202	247	.818	184	484	668	223	54	198	107	223	
1993-94	CLE	33	19	909	370	153	314	.487	0	0	.000	64	85	.753	77	150	227	49	27	55	38	96	
1996-97	CLE	1	0	0	0	0	0	.000	0	0	.000	0	0	.000	0	0	0	0	0	0	0	0	
CAREER	 	920	795	30,675	15,687	6,370	11,664	.546	8	55	.145	2,939	3,892	.755	2,299	5,053	7,352	2,393	872	2,027	1,711	2,703	
