Season	Team	GP	GS	MIN	PTS	FGM	FGA	FG%	3PM	3PA	3P%	FTM	FTA	FT%	OFF	DEF	TRB	AST	STL	BLK	TOV	PF	
1979-80
☆	BOS	82	-	2,955	1,745	693	1,463	.474	58	143	.406	301	360	.836	216	636	852	370	143	53	263	279	
1980-81
☆	BOS	82	-	3,239	1,741	719	1,503	.478	20	74	.270	283	328	.863	191	704	895	451	161	63	289	239	
1981-82
☆	BOS	77	58	2,923	1,761	711	1,414	.503	11	52	.212	328	380	.863	200	637	837	447	143	66	254	244	
1982-83
☆	BOS	79	79	2,982	1,867	747	1,481	.504	22	77	.286	351	418	.840	193	677	870	458	148	71	240	197	
1983-84
★	BOS	79	77	3,028	1,908	758	1,542	.492	18	73	.247	374	421	.888	181	615	796	520	144	69	237	197	
1984-85
★	BOS	80	77	3,161	2,295	918	1,760	.522	56	131	.427	403	457	.882	164	678	842	531	129	98	248	208	
1985-86
★	BOS	82	81	3,110	2,115	796	1,606	.496	82	194	.423	441	492	.896	190	615	805	557	166	51	266	182	
1986-87
☆	BOS	74	73	3,005	2,076	786	1,497	.525	90	225	.400	414	455	.910	124	558	682	566	135	70	240	185	
1987-88
☆	BOS	76	75	2,965	2,275	881	1,672	.527	98	237	.414	415	453	.916	108	595	703	467	125	57	213	157	
1988-89	BOS	6	6	189	116	49	104	.471	0	0	.000	18	19	.947	1	36	37	29	6	5	11	18	
1989-90
☆	BOS	75	75	2,944	1,820	718	1,517	.473	65	195	.333	319	343	.930	90	622	712	562	106	61	243	173	
1990-91
☆	BOS	60	60	2,277	1,164	462	1,017	.454	77	198	.389	163	183	.891	53	456	509	431	108	58	187	118	
1991-92
☆	BOS	45	45	1,662	908	353	758	.466	52	128	.406	150	162	.926	46	388	434	306	42	33	125	82	
CAREER	 	897	870	34,440	21,791	8,591	17,334	.496	649	1,727	.376	3,960	4,471	.886	1,757	7,217	8,974	5,695	1,556	755	2,816	2,279	
