Season	Team	GP	GS	MIN	PTS	FGM	FGA	FG%	3PM	3PA	3P%	FTM	FTA	FT%	OFF	DEF	TRB	AST	STL	BLK	TOV	PF	
1992-93	GOS	77	69	2,741	1,182	449	968	.464	73	198	.369	211	283	.746	79	192	271	295	126	49	203	166	
1993-94
☆	GOS	82	82	3,533	1,720	613	1,417	.433	141	391	.361	353	456	.774	80	321	401	385	180	76	226	158	
1994-95
☆	GOS	69	69	2,771	1,420	490	1,171	.418	90	326	.276	350	448	.781	58	198	256	279	112	46	230	108	
1995-96	GOS	78	78	3,064	1,473	515	1,202	.428	91	282	.323	352	446	.789	124	256	380	328	127	45	222	150	
1996-97
☆	GOS	80	79	3,353	1,938	649	1,444	.449	147	415	.354	493	585	.843	58	308	366	506	132	45	321	153	
1997-98	GOS	14	13	547	299	110	277	.397	9	48	.188	70	94	.745	7	44	51	68	19	5	44	26	
1998-99	NYK	37	4	1,233	606	215	518	.415	21	77	.273	155	191	.812	41	115	156	91	46	2	79	65	
1999-00	NYK	82	82	3,276	1,524	568	1,305	.435	44	127	.346	344	397	.866	49	300	349	332	109	22	226	184	
2000-01
☆	NYK	77	77	3,017	1,364	524	1,219	.430	41	135	.304	275	351	.783	49	298	347	269	106	28	218	159	
2001-02	NYK	81	81	3,326	1,575	573	1,419	.404	145	403	.360	284	346	.821	59	239	298	313	94	14	223	161	
2002-03	NYK	74	73	2,858	1,215	454	1,127	.403	134	360	.372	173	218	.794	45	240	285	332	102	22	172	134	
2003-04	MIN	82	82	3,100	1,375	518	1,266	.409	99	299	.331	240	295	.814	56	254	310	286	88	21	158	101	
2004-05	MIN	80	79	2,450	1,021	398	961	.414	69	211	.327	156	188	.830	65	189	254	179	53	21	127	124	
CAREER	 	913	868	35,269	16,712	6,076	14,294	.425	1,104	3,272	.337	3,456	4,298	.804	770	2,954	3,724	3,663	1,294	396	2,449	1,689	
