Season	Team	GP	GS	MIN	PTS	FGM	FGA	FG%	3PM	3PA	3P%	FTM	FTA	FT%	OFF	DEF	TRB	AST	STL	BLK	TOV	PF	
1979-80
☆	LAL	77	-	2,795	1,387	503	949	.530	7	31	.226	374	462	.810	166	430	596	563	187	41	305	218	
1980-81	LAL	37	-	1,371	798	312	587	.532	3	17	.176	171	225	.760	101	219	320	317	127	27	143	100	
1981-82
☆	LAL	78	77	2,991	1,447	556	1,036	.537	6	29	.207	329	433	.760	252	499	751	743	208	34	286	223	
1982-83
☆	LAL	79	79	2,907	1,326	511	933	.548	0	21	.000	304	380	.800	214	469	683	829	176	47	301	200	
1983-84
☆	LAL	67	66	2,567	1,178	441	780	.565	6	29	.207	290	358	.810	99	392	491	875	150	49	306	169	
1984-85
☆	LAL	77	77	2,781	1,406	504	899	.561	7	37	.189	391	464	.843	90	386	476	968	113	25	305	155	
1985-86
☆	LAL	72	70	2,584	1,354	483	918	.526	10	42	.238	378	434	.871	85	342	427	902	113	16	273	133	
1986-87
★	LAL	80	80	2,904	1,909	683	1,306	.523	8	39	.205	535	631	.848	122	382	504	977	138	36	300	168	
1987-88
☆	LAL	72	70	2,637	1,408	490	996	.492	11	56	.196	417	489	.853	88	357	445	858	114	13	269	147	
1988-89
★	LAL	77	77	2,886	1,730	579	1,137	.509	59	188	.314	513	563	.911	111	496	607	988	138	22	312	172	
1989-90
★	LAL	79	79	2,937	1,765	546	1,138	.480	106	276	.384	567	637	.890	128	394	522	907	132	34	289	167	
1990-91
☆	LAL	79	79	2,933	1,531	466	976	.477	80	250	.320	519	573	.906	105	446	551	989	102	17	314	150	
1995-96	LAL	32	9	958	468	137	294	.466	22	58	.379	172	201	.856	40	143	183	220	26	13	103	48	
CAREER	 	906	763	33,251	17,707	6,211	11,949	.520	325	1,073	.303	4,960	5,850	.848	1,601	4,955	6,556	10,136	1,724	374	3,506	2,050	
