Season	Team	GP	GS	MIN	PTS	FGM	FGA	FG%	3PM	3PA	3P%	FTM	FTA	FT%	OFF	DEF	TRB	AST	STL	BLK	TOV	PF	
1981-82	DAL	51	20	1,468	955	381	820	.465	25	71	.352	168	247	.680	89	160	249	164	37	22	135	152	
1982-83	DAL	81	75	2,784	1,979	767	1,589	.483	16	76	.211	429	589	.728	191	317	508	332	80	26	261	247	
1983-84
☆	DAL	79	79	2,900	2,330	925	1,765	.524	15	56	.268	465	621	.749	161	308	469	358	80	22	285	246	
1984-85	DAL	80	79	2,699	2,055	794	1,569	.506	27	85	.318	440	580	.759	188	289	477	249	60	24	253	250	
1985-86	DAL	74	73	2,501	1,670	668	1,327	.503	16	56	.286	318	451	.705	177	268	445	339	62	14	253	229	
1986-87
☆	DAL	80	80	2,663	2,056	787	1,590	.495	53	150	.353	429	557	.770	181	246	427	254	84	33	217	243	
1987-88
☆	DAL	77	77	2,610	1,932	746	1,571	.475	52	172	.302	388	504	.770	182	252	434	278	70	57	203	223	
1988-89 *	All Teams	80	76	2,597	1,511	586	1,270	.461	51	174	.293	288	393	.733	146	240	386	278	45	36	208	229	
1988-89 *	DAL	44	44	1,529	953	373	829	.450	29	99	.293	178	244	.730	90	145	235	189	29	29	140	128	
1988-89 *	DET	36	32	1,068	558	213	441	.483	22	75	.293	110	149	.738	56	95	151	89	16	7	68	101	
1989-90	DET	78	39	2,005	1,099	438	898	.488	31	93	.333	192	254	.756	117	188	305	145	34	19	121	201	
1990-91	DET	78	13	2,006	1,104	420	909	.462	24	78	.308	240	317	.757	134	240	374	139	47	20	128	209	
1991-92	DET	75	12	1,582	851	339	787	.431	15	71	.211	158	230	.687	67	169	236	126	51	11	105	171	
1992-93	DET	51	15	1,056	503	187	422	.443	30	83	.361	99	129	.767	43	109	152	104	17	7	68	100	
1993-94	LAC	39	0	859	413	163	348	.468	37	93	.398	50	72	.694	28	88	116	104	21	8	70	98	
CAREER	 	923	638	27,730	18,458	7,201	14,865	.484	392	1,258	.312	3,664	4,944	.741	1,704	2,874	4,578	2,870	688	299	2,307	2,598	
