Season	Team	GP	GS	MIN	PTS	FGM	FGA	FG%	3PM	3PA	3P%	FTM	FTA	FT%	OFF	DEF	TRB	AST	STL	BLK	TOV	PF	
1977-78	MIL	80	-	2,765	1,557	628	1,204	.522	-	-	-	301	409	.736	292	555	847	190	92	103	175	221	
1978-79
☆	MIL	77	-	2,779	1,972	820	1,491	.550	-	-	-	332	437	.760	212	374	586	234	116	89	170	186	
1979-80
☆	MIL	77	-	2,686	1,671	689	1,267	.544	2	9	.222	291	368	.791	217	349	566	273	100	70	185	173	
1980-81
☆	MIL	76	-	2,542	1,541	636	1,153	.552	0	9	.000	269	381	.706	225	293	518	346	115	41	190	196	
1981-82	MIL	60	52	1,900	990	404	760	.532	0	4	.000	182	260	.700	153	211	364	213	59	35	145	142	
1982-83
☆	MIL	80	80	2,853	1,714	723	1,420	.509	4	20	.200	264	359	.735	196	366	562	363	100	56	196	211	
1983-84	MIL	74	74	2,715	1,535	646	1,288	.502	2	13	.154	241	340	.709	173	307	480	315	115	45	180	194	
1984-85	LAC	72	68	2,448	1,181	494	1,094	.452	3	13	.231	190	260	.731	188	240	428	248	72	30	176	193	
1985-86
☆	LAC	75	75	2,605	1,525	613	1,201	.510	1	15	.067	298	392	.760	156	260	416	283	106	50	183	214	
1986-87	LAC	10	10	302	166	68	155	.439	0	6	.000	30	42	.714	9	24	33	28	12	5	17	24	
1989-90	GOS	10	0	99	40	12	32	.375	2	3	.667	14	17	.824	8	9	17	9	0	1	10	12	
CAREER	 	691	359	23,694	13,892	5,733	11,065	.518	14	92	.152	2,412	3,265	.739	1,829	2,988	4,817	2,502	887	525	1,627	1,766	
