Season	Team	GP	GS	MIN	PTS	FGM	FGA	FG%	3PM	3PA	3P%	FTM	FTA	FT%	OFF	DEF	TRB	AST	STL	BLK	TOV	PF	
1988-89	GOS	79	79	2,717	1,741	649	1,386	.468	33	90	.367	410	506	.810	158	310	468	334	82	13	269	220	
1989-90	GOS	78	78	2,797	1,720	640	1,287	.497	34	95	.358	406	469	.866	98	262	360	223	98	24	201	210	
1990-91	GOS	77	77	3,029	1,840	703	1,424	.494	40	115	.348	394	465	.847	147	305	452	238	126	34	230	207	
1991-92	SAC	80	80	3,095	1,803	685	1,465	.468	103	268	.384	330	406	.813	62	257	319	411	92	34	247	231	
1992-93
☆	SAC	45	45	1,728	987	371	782	.474	48	130	.369	197	233	.845	18	136	154	221	53	9	130	137	
1993-94
☆	SAC	78	78	2,897	1,823	635	1,428	.445	127	312	.407	426	511	.834	70	216	286	313	103	17	216	211	
1994-95
☆	SAC	82	82	3,172	1,867	668	1,497	.446	156	424	.368	375	445	.843	69	288	357	311	91	29	234	227	
1995-96
☆	SAC	81	81	2,946	1,872	611	1,368	.447	225	515	.437	425	491	.866	54	215	269	255	125	19	220	233	
1996-97
☆	SAC	81	81	3,125	2,095	717	1,578	.454	204	477	.428	457	531	.861	59	260	319	338	118	24	237	211	
1997-98
☆	SAC	70	70	2,570	1,623	543	1,220	.445	130	334	.389	407	471	.864	50	179	229	279	88	15	181	154	
1998-99	WAS	50	50	1,912	983	331	803	.412	70	221	.317	251	293	.857	30	142	172	122	64	10	136	121	
1999-00	WAS	74	69	2,397	1,285	447	1,049	.426	93	241	.386	298	340	.876	37	176	213	185	110	13	154	191	
2000-01	WAS	37	30	1,216	598	205	504	.407	45	133	.338	143	160	.894	15	94	109	111	43	7	84	86	
2001-02	LAL	64	1	709	260	100	247	.405	18	62	.290	42	44	.955	14	80	94	57	18	6	40	61	
CAREER	 	976	901	34,310	20,497	7,305	16,038	.455	1,326	3,417	.388	4,561	5,365	.850	881	2,920	3,801	3,398	1,211	254	2,579	2,500	
