Season	Team	GP	GS	MIN	PTS	FGM	FGA	FG%	3PM	3PA	3P%	FTM	FTA	FT%	OFF	DEF	TRB	AST	STL	BLK	TOV	PF	
1976-77 *	All Teams	82	-	2,506	1,083	389	810	.480	-	-	-	305	440	.693	437	635	1,072	89	67	181	-	275	
1976-77 *	HOU	80	-	2,500	1,083	389	810	.480	-	-	-	305	440	.693	437	634	1,071	89	67	181	-	274	
1976-77 *	BUF	2	-	6	0	0	0	.000	-	-	-	0	0	.000	0	1	1	0	0	0	-	1	
1977-78
☆	HOU	59	-	2,107	1,144	413	828	.499	-	-	-	318	443	.718	380	506	886	31	48	76	220	179	
1978-79
★	HOU	82	-	3,390	2,031	716	1,325	.540	-	-	-	599	811	.739	587	857	1,444	147	79	119	326	223	
1979-80
☆	HOU	82	-	3,140	2,119	778	1,549	.502	0	6	.000	563	783	.719	573	617	1,190	147	80	107	300	210	
1980-81
☆	HOU	80	-	3,245	2,222	806	1,545	.522	1	3	.333	609	804	.757	474	706	1,180	141	83	150	308	223	
1981-82
★	HOU	81	81	3,398	2,520	945	1,822	.519	0	6	.000	630	827	.762	558	630	1,188	142	76	125	294	208	
1982-83
★	PHL	78	78	2,922	1,908	654	1,305	.501	0	1	.000	600	788	.761	445	749	1,194	101	89	157	264	206	
1983-84
☆	PHL	71	71	2,613	1,609	532	1,101	.483	0	4	.000	545	727	.750	352	598	950	96	71	110	250	188	
1984-85
☆	PHL	79	79	2,957	1,941	602	1,284	.469	0	2	.000	737	904	.815	385	646	1,031	130	67	123	286	216	
1985-86
☆	PHL	74	74	2,706	1,759	571	1,246	.458	0	1	.000	617	784	.787	339	533	872	90	68	71	257	194	
1986-87
☆	WAS	73	70	2,476	1,758	595	1,311	.454	0	11	.000	568	690	.823	340	484	824	121	59	92	202	139	
1987-88
☆	WAS	79	78	2,692	1,607	531	1,090	.487	2	7	.286	543	689	.788	372	512	884	112	59	72	249	160	
1988-89
☆	ATL	81	80	2,878	1,637	538	1,096	.491	0	12	.000	561	711	.789	386	570	956	112	79	100	245	154	
1989-90	ATL	81	81	2,735	1,528	517	1,077	.480	1	9	.111	493	631	.781	364	448	812	130	47	84	232	158	
1990-91	ATL	82	15	1,912	869	280	598	.468	0	7	.000	309	372	.831	271	396	667	68	30	74	137	134	
1991-92	MIL	82	77	2,511	1,279	440	929	.474	3	8	.375	396	504	.786	320	424	744	93	74	64	150	136	
1992-93	MIL	11	0	104	50	13	42	.310	0	0	.000	24	31	.774	22	24	46	7	1	8	10	6	
1993-94	PHL	55	2	618	294	102	232	.440	0	1	.000	90	117	.769	106	120	226	34	11	17	59	52	
1994-95	SAN	17	0	149	49	13	35	.371	1	2	.500	22	32	.688	20	26	46	6	2	3	11	15	
CAREER	 	1329	786	45,059	27,407	9,435	19,225	.491	8	80	.100	8,529	11,088	.769	6,731	9,481	16,212	1,797	1,090	1,733	3,800	3,076	
