Season	Team	GP	GS	MIN	PTS	FGM	FGA	FG%	3PM	3PA	3P%	FTM	FTA	FT%	OFF	DEF	TRB	AST	STL	BLK	TOV	PF	
2011-12	PHL	51	15	15.9	5.55	2.57	5.71	.450	0.06	0.16	.375	0.35	0.67	.529	1.73	3.10	4.82	0.61	0.39	0.67	0.65	2.18	
2012-13	ORL	77	77	33.2	13.09	5.99	11.55	.519	0.00	0.04	.000	1.12	1.64	.683	3.55	8.36	11.91	1.86	0.79	1.03	1.83	2.83	
2013-14	ORL	57	57	31.8	14.23	6.19	12.21	.507	0.00	0.00	.000	1.84	2.40	.766	3.25	7.74	10.98	1.82	1.05	0.82	1.96	2.96	
2014-15	ORL	74	74	34.2	19.30	8.53	16.30	.523	0.03	0.08	.333	2.22	2.95	.752	3.22	7.73	10.95	1.99	0.73	0.73	2.00	2.97	
2015-16	ORL	65	60	31.3	18.17	8.20	16.09	.510	0.03	0.14	.222	1.74	2.31	.753	2.66	6.18	8.85	2.75	0.82	1.08	1.89	2.66	
2016-17	ORL	75	55	28.8	14.61	6.44	13.75	.468	0.31	1.00	.307	1.43	2.13	.669	2.35	8.04	10.39	2.77	1.01	0.99	1.56	2.40	
2017-18	ORL	57	57	29.5	16.47	7.00	14.74	.475	1.12	3.58	.314	1.35	1.65	.819	1.77	7.40	9.18	3.35	0.98	1.09	1.91	2.53	
2018-19
☆	ORL	80	80	31.4	20.81	8.76	16.93	.518	1.05	2.89	.364	2.24	2.84	.789	2.80	9.20	12.00	3.84	1.01	1.11	1.99	1.96	
2019-20	ORL	62	62	32.2	19.60	7.95	16.66	.477	1.58	4.66	.339	2.11	2.69	.784	2.26	8.60	10.85	3.58	0.87	0.76	1.42	2.18	
2020-21 *
☆	All Teams	70	70	33.5	23.41	9.51	19.94	.477	2.51	6.29	.400	1.87	2.23	.840	2.09	9.59	11.67	3.84	0.93	0.69	1.80	1.96	
2020-21 *
☆	ORL	44	44	34.1	24.55	9.91	20.64	.480	2.66	6.55	.406	2.07	2.50	.827	1.98	9.77	11.75	3.80	0.95	0.64	1.89	1.80	
2020-21 *
☆	CHI	26	26	32.6	21.50	8.85	18.77	.471	2.27	5.85	.388	1.54	1.77	.870	2.27	9.27	11.54	3.92	0.88	0.77	1.65	2.23	
2021-22	CHI	73	73	33.1	17.64	7.48	15.81	.473	1.42	4.53	.314	1.26	1.66	.760	1.95	9.07	11.01	3.23	0.96	0.97	1.86	2.48	
2022-23	CHI	82	82	33.5	17.65	7.28	14.00	.520	1.48	4.23	.349	1.61	1.93	.835	1.94	9.07	11.01	3.23	0.73	0.70	1.70	2.18	
CAREER	 	823	762	31.1	17.01	7.28	14.68	.496	0.82	2.36	.348	1.62	2.12	.764	2.48	8.00	10.49	2.80	0.86	0.89	1.74	2.43	
