Season	Team	GP	GS	MIN	PTS	FGM	FGA	FG%	3PM	3PA	3P%	FTM	FTA	FT%	OFF	DEF	TRB	AST	STL	BLK	TOV	PF	
1985-86
☆	NYK	50	50	1,771	998	386	815	.474	0	5	.000	226	306	.739	124	327	451	102	54	103	168	191	
1986-87	NYK	63	63	2,206	1,356	530	1,053	.503	0	7	.000	296	415	.713	157	398	555	104	89	147	230	248	
1987-88
☆	NYK	82	82	2,546	1,653	656	1,183	.555	0	3	.000	341	476	.716	245	431	676	125	104	245	287	332	
1988-89
☆	NYK	80	80	2,896	1,815	727	1,282	.567	0	6	.000	361	484	.746	213	527	740	188	117	281	266	311	
1989-90
☆	NYK	82	82	3,165	2,347	922	1,673	.551	1	4	.250	502	648	.775	235	658	893	182	78	327	278	325	
1990-91
☆	NYK	81	81	3,104	2,154	845	1,645	.514	0	6	.000	464	623	.745	194	711	905	244	80	258	291	287	
1991-92
☆	NYK	82	82	3,150	1,970	796	1,525	.522	1	6	.167	377	511	.738	228	693	921	156	88	245	209	277	
1992-93
☆	NYK	81	81	3,003	1,959	779	1,550	.503	1	7	.143	400	556	.719	191	789	980	151	74	161	265	286	
1993-94
☆	NYK	79	79	2,972	1,939	745	1,503	.496	4	14	.286	445	582	.765	219	666	885	179	90	217	260	275	
1994-95
☆	NYK	79	79	2,920	1,886	730	1,452	.503	6	21	.286	420	560	.750	157	710	867	212	68	159	256	272	
1995-96
☆	NYK	76	76	2,783	1,711	678	1,456	.466	4	28	.143	351	461	.761	157	649	806	160	68	184	221	247	
1996-97
☆	NYK	78	78	2,887	1,751	655	1,342	.488	2	9	.222	439	582	.754	175	659	834	156	69	188	269	250	
1997-98	NYK	26	26	848	540	203	403	.504	0	2	.000	134	186	.720	59	206	265	28	16	58	77	74	
1998-99	NYK	38	38	1,300	657	247	568	.435	0	2	.000	163	231	.706	74	303	377	43	30	100	99	105	
1999-00	NYK	62	62	2,035	929	361	775	.466	0	2	.000	207	283	.731	140	464	604	58	36	84	142	196	
2000-01	SEA	79	79	2,107	760	294	684	.430	0	2	.000	172	251	.685	124	461	585	92	53	91	151	229	
2001-02	ORL	65	4	901	390	148	333	.444	0	1	.000	94	134	.701	60	203	263	35	22	45	64	129	
CAREER	 	1183	1122	40,594	24,815	9,702	19,242	.504	19	125	.152	5,392	7,289	.740	2,752	8,855	11,607	2,215	1,136	2,893	3,533	4,034	
