Season	Team	GP	GS	MIN	PTS	FGM	FGA	FG%	3PM	3PA	3P%	FTM	FTA	FT%	OFF	DEF	TRB	AST	STL	BLK	TOV	PF	
2001-02	MEM	82	79	3,007	1,441	551	1,064	.518	1	5	.200	338	477	.709	238	492	730	223	41	169	224	195	
2002-03	MEM	82	82	2,947	1,555	569	1,116	.510	1	10	.100	416	565	.736	192	528	720	229	34	148	213	220	
2003-04	MEM	78	78	2,458	1,381	506	1,049	.482	4	15	.267	365	511	.714	206	394	600	198	44	132	187	185	
2004-05	MEM	56	53	1,790	997	357	695	.514	1	6	.167	282	367	.768	130	280	410	135	37	93	137	146	
2005-06
☆	MEM	80	80	3,135.2	1,628	600	1,194	.503	3	12	.250	425	617	.689	191	522	713	371	46	153	235	184	
2006-07	MEM	59	59	2,132.5	1,226	462	858	.538	3	11	.273	299	400	.748	149	432	581	201	29	126	162	137	
2007-08 *	All Teams	66	66	2,350.8	1,246	475	890	.534	4	16	.250	292	362	.807	155	398	553	211	30	98	124	139	
2007-08 *	MEM	39	39	1,433.2	738	279	557	.501	4	15	.267	176	215	.819	94	248	342	116	16	56	80	85	
2007-08 *	LAL	27	27	917.7	508	196	333	.589	0	1	.000	116	147	.789	61	150	211	95	14	42	44	54	
2008-09
☆	LAL	81	81	2,999.3	1,528	592	1,045	.567	1	2	.500	343	439	.781	262	518	780	284	52	81	157	172	
2009-10
☆	LAL	65	65	2,403.3	1,190	452	844	.536	0	5	.000	286	362	.790	243	491	734	218	37	113	143	152	
2010-11
☆	LAL	82	82	3,037.1	1,541	593	1,120	.529	1	3	.333	354	430	.823	268	568	836	273	48	130	142	203	
2011-12	LAL	65	65	2,430	1,129	459	917	.501	7	27	.259	204	261	.782	183	495	678	237	37	88	142	127	
2012-13	LAL	49	42	1,654.9	673	270	579	.466	8	28	.286	125	178	.702	111	310	421	200	24	61	104	93	
2013-14	LAL	60	60	1,884.2	1,041	425	885	.480	4	14	.286	187	254	.736	124	456	580	201	27	92	141	124	
2014-15
☆	CHI	78	78	2,680.7	1,446	570	1,153	.494	12	26	.462	294	366	.803	220	699	919	210	25	147	158	147	
2015-16
☆	CHI	72	72	2,291.3	1,187	467	995	.469	24	69	.348	229	289	.792	155	638	793	294	42	146	164	148	
2016-17	SAN	64	39	1,626.7	792	303	604	.502	56	104	.538	130	184	.707	107	394	501	150	24	70	81	110	
2017-18	SAN	77	63	1,812	775	287	627	.458	43	120	.358	158	209	.756	129	490	619	238	24	79	108	121	
2018-19 *	All Teams	30	6	360.6	118	42	94	.447	6	13	.462	28	40	.700	22	115	137	52	5	15	16	29	
2018-19 *	SAN	27	6	330.2	114	41	88	.466	5	10	.500	27	38	.711	22	105	127	50	5	14	14	28	
2018-19 *	MIL	3	0	30.4	4	1	6	.167	1	3	.333	1	2	.500	0	10	10	2	0	1	2	1	
CAREER	 	1226	1150	41,000.7	20,894	7,980	15,729	.507	179	486	.368	4,755	6,311	.753	3,085	8,220	11,305	3,925	606	1,941	2,638	2,632	
