Season	Team	GP	GS	MIN	PTS	FGM	FGA	FG%	3PM	3PA	3P%	FTM	FTA	FT%	OFF	DEF	TRB	AST	STL	BLK	TOV	PF	
2010-11	IND	61	19	20.7	7.80	2.93	6.48	.453	0.67	2.26	.297	1.26	1.66	.762	0.61	3.07	3.67	1.07	1.02	0.43	1.15	2.08	
2011-12	IND	66	66	29.7	12.09	4.26	9.68	.440	1.36	3.55	.385	2.21	2.76	.802	0.85	4.76	5.61	2.39	1.64	0.58	1.77	2.89	
2012-13
☆	IND	79	79	37.6	17.43	6.24	14.89	.419	2.15	5.94	.362	2.80	3.47	.807	1.11	6.52	7.63	4.14	1.81	0.65	2.95	2.87	
2013-14
☆	IND	80	80	36.2	21.71	7.21	17.02	.424	2.27	6.25	.364	5.01	5.80	.864	0.80	5.97	6.78	3.54	1.89	0.28	2.80	2.48	
2014-15	IND	6	0	15.2	8.83	3.00	8.17	.367	1.50	3.67	.409	1.33	1.83	.727	0.67	3.00	3.67	1.00	0.83	0.17	2.00	1.83	
2015-16
☆	IND	81	81	34.8	23.14	7.47	17.88	.418	2.59	6.98	.372	5.60	6.52	.860	0.98	5.98	6.95	4.06	1.88	0.36	3.27	2.84	
2016-17
☆	IND	75	75	35.9	23.67	8.29	17.96	.462	2.60	6.60	.394	4.48	4.99	.898	0.77	5.79	6.56	3.35	1.59	0.36	2.92	2.75	
2017-18
☆	OKC	79	79	36.6	21.95	7.29	16.96	.430	3.09	7.71	.401	4.28	5.20	.822	0.91	4.75	5.66	3.33	2.04	0.49	2.68	2.95	
2018-19
☆	OKC	77	77	36.9	28.04	9.18	20.96	.438	3.79	9.83	.386	5.88	7.01	.839	1.36	6.79	8.16	4.13	2.21	0.44	2.66	2.78	
2019-20	LAC	48	48	29.6	21.52	7.15	16.29	.439	3.27	7.94	.412	3.96	4.52	.876	0.50	5.17	5.67	3.85	1.42	0.42	2.60	2.35	
2020-21
☆	LAC	54	54	33.7	23.31	8.24	17.65	.467	3.17	7.70	.411	3.67	4.22	.868	0.83	5.81	6.65	5.19	1.15	0.44	3.31	2.44	
2021-22	LAC	31	31	34.8	24.32	8.65	20.52	.421	2.94	8.29	.354	4.10	4.77	.858	0.39	6.48	6.87	5.68	2.16	0.42	4.06	2.39	
2022-23
☆	LAC	56	56	34.6	23.79	8.20	17.93	.457	2.82	7.61	.371	4.57	5.25	.871	0.80	5.30	6.11	5.14	1.48	0.36	3.14	2.84	
CAREER	 	793	745	33.6	20.63	7.03	16.07	.437	2.53	6.64	.381	4.04	4.76	.850	0.87	5.53	6.40	3.69	1.70	0.43	2.73	2.67	
