Season	Team	GP	GS	MIN	PTS	FGM	FGA	FG%	3PM	3PA	3P%	FTM	FTA	FT%	OFF	DEF	TRB	AST	STL	BLK	TOV	PF	
1998-99	BOS	48	47	1,632	791	284	647	.439	84	204	.412	139	195	.713	117	192	309	115	82	50	113	139	
1999-00	BOS	73	72	2,583	1,427	486	1,099	.442	96	280	.343	359	450	.798	83	313	396	221	152	62	178	237	
2000-01	BOS	82	82	3,120	2,071	687	1,513	.454	147	384	.383	550	738	.745	94	428	522	253	138	69	262	251	
2001-02
☆	BOS	82	82	3,302	2,144	707	1,598	.442	210	520	.404	520	643	.809	81	485	566	261	154	86	241	237	
2002-03
☆	BOS	79	79	3,096	2,048	663	1,592	.416	118	391	.302	604	753	.802	106	472	578	349	139	62	288	227	
2003-04
☆	BOS	80	79	3,098	1,836	602	1,497	.402	115	384	.299	517	631	.819	69	453	522	410	131	52	303	234	
2004-05
☆	BOS	82	82	2,959	1,769	556	1,223	.455	108	292	.370	549	668	.822	78	461	539	348	133	39	230	255	
2005-06
☆	BOS	79	79	3,084.5	2,116	689	1,462	.471	111	314	.354	627	812	.772	77	453	530	375	107	34	273	223	
2006-07	BOS	47	46	1,739.8	1,173	373	850	.439	107	275	.389	320	402	.796	39	238	277	194	48	13	152	122	
2007-08
☆	BOS	80	80	2,873.8	1,570	509	1,098	.464	143	365	.392	409	485	.843	53	358	411	363	101	36	221	200	
2008-09
☆	BOS	81	81	3,035.5	1,658	540	1,181	.457	119	304	.391	459	553	.830	56	401	457	294	80	27	228	215	
2009-10
☆	BOS	71	71	2,410.7	1,296	409	867	.472	109	263	.414	369	433	.852	39	271	310	218	84	31	166	196	
2010-11
☆	BOS	80	80	2,774.1	1,511	507	1,021	.497	111	297	.374	386	449	.860	34	396	430	260	80	52	171	231	
2011-12
☆	BOS	61	61	2,074.6	1,181	394	890	.443	100	273	.366	293	344	.852	37	280	317	274	70	26	173	147	
2012-13	BOS	77	77	2,575.1	1,430	476	1,092	.436	145	382	.380	333	423	.787	45	442	487	370	84	30	214	210	
2013-14	BRK	75	68	2,098.1	1,010	321	712	.451	112	300	.373	256	310	.826	26	322	348	178	86	31	153	190	
2014-15	WAS	73	73	1,913.7	868	293	656	.447	118	303	.389	164	210	.781	45	249	294	144	46	24	92	160	
2015-16	LAC	68	38	1,230.6	417	144	397	.363	75	242	.310	54	66	.818	12	174	186	71	33	17	58	129	
2016-17	LAC	25	7	277.1	81	28	70	.400	15	43	.349	10	13	.769	1	47	48	10	4	5	16	40	
CAREER	 	1343	1284	45,877.4	26,397	8,668	19,465	.445	2,143	5,816	.368	6,918	8,578	.806	1,092	6,435	7,527	4,708	1,752	746	3,532	3,643	
