Season	Team	GP	GS	MIN	PTS	FGM	FGA	FG%	3PM	3PA	3P%	FTM	FTA	FT%	OFF	DEF	TRB	AST	STL	BLK	TOV	PF	
2006-07	UTH	82	1	1,472.2	559	209	398	.525	1	3	.333	140	208	.673	183	240	423	62	67	74	94	236	
2007-08	UTH	82	2	1,701.8	661	253	502	.504	0	4	.000	155	229	.677	167	293	460	81	72	73	87	269	
2008-09	UTH	76	38	2,290.4	1,028	400	749	.534	0	4	.000	228	326	.699	251	403	654	138	78	73	129	288	
2009-10	UTH	82	8	2,276.9	954	385	716	.538	1	9	.111	183	264	.693	186	373	559	131	64	99	116	285	
2010-11	UTH	76	76	2,605	1,315	525	988	.531	9	23	.391	256	338	.757	164	415	579	187	103	69	145	272	
2011-12	UTH	64	62	2,099.5	1,061	426	861	.495	7	31	.226	202	255	.792	180	383	563	150	118	52	112	222	
2012-13	UTH	78	78	2,374.8	1,135	429	875	.490	13	39	.333	264	356	.742	177	377	554	201	102	80	138	232	
2013-14
☆	ATL	74	73	2,481.7	1,328	483	1,047	.461	76	212	.358	286	391	.731	154	473	627	232	129	78	185	210	
2014-15
☆	ATL	73	73	2,389.6	1,218	443	930	.476	77	216	.356	255	337	.757	139	431	570	223	130	69	166	201	
2015-16
☆	ATL	81	81	2,646.9	1,385	501	1,066	.470	74	232	.319	309	408	.757	198	534	732	265	147	139	191	237	
2016-17
☆	ATL	69	67	2,342.8	1,246	430	972	.442	75	241	.311	311	405	.768	111	422	533	252	90	62	158	186	
2017-18	DEN	38	37	1,143.6	555	202	435	.464	39	113	.345	112	161	.696	65	180	245	105	39	44	73	99	
2018-19	DEN	70	65	1,894.6	883	322	665	.484	58	159	.365	181	249	.727	153	352	505	141	83	54	95	183	
2019-20	DEN	51	48	1,240	591	211	438	.482	54	124	.435	115	141	.816	98	195	293	83	44	30	70	150	
2020-21	DEN	56	36	1,162.3	502	191	401	.476	49	143	.343	71	98	.724	76	186	262	98	51	36	51	111	
2021-22 *	All Teams	33	1	375.5	115	45	115	.391	8	35	.229	17	24	.708	41	73	114	29	10	13	19	67	
2021-22 *	BRK	24	0	269.8	82	32	85	.376	6	27	.222	12	17	.706	29	60	89	24	5	11	11	48	
2021-22 *	PHL	9	1	105.6	33	13	30	.433	2	8	.250	5	7	.714	12	13	25	5	5	2	8	19	
CAREER	 	1085	746	30,497.3	14,536	5,455	11,158	.489	541	1,588	.341	3,085	4,190	.736	2,343	5,330	7,673	2,378	1,327	1,045	1,829	3,248	
