Season	Team	GP	GS	MIN	PTS	FGM	FGA	FG%	3PM	3PA	3P%	FTM	FTA	FT%	OFF	DEF	TRB	AST	STL	BLK	TOV	PF	
1998-99	SAC	48	1	1,025	402	141	373	.378	57	178	.320	63	74	.851	43	100	143	72	41	7	53	43	
1999-00	SAC	74	11	1,749	877	321	717	.448	100	267	.375	135	153	.882	74	202	276	106	52	7	88	97	
2000-01	SAC	75	75	2,905	1,529	559	1,189	.470	144	360	.400	267	312	.856	93	341	434	164	91	13	146	144	
2001-02
☆	SAC	71	71	2,649	1,506	547	1,130	.484	129	310	.416	283	323	.876	72	301	373	175	81	14	140	120	
2002-03
☆	SAC	72	72	2,449	1,380	497	1,034	.481	155	406	.382	231	264	.875	61	336	397	141	72	5	101	143	
2003-04
☆	SAC	81	81	3,264	1,964	665	1,386	.480	240	554	.433	394	425	.927	91	417	508	173	108	14	153	159	
2004-05	SAC	66	66	2,534	1,329	451	1,016	.444	174	433	.402	253	275	.920	62	223	285	138	79	12	102	157	
2005-06 *	All Teams	71	71	2,601.1	1,290	445	1,018	.437	162	404	.401	238	260	.915	79	336	415	136	45	10	103	171	
2005-06 *	IND	40	40	1,453.6	779	274	594	.461	91	225	.404	140	155	.903	45	205	250	68	26	8	52	89	
2005-06 *	SAC	31	31	1,147.5	511	171	424	.403	71	179	.397	98	105	.933	34	131	165	68	19	2	51	82	
2006-07	NOP	13	13	425.1	231	83	196	.423	34	84	.405	31	38	.816	11	43	54	11	8	4	19	29	
2007-08	NOP	77	77	2,711.3	1,263	451	1,026	.440	231	524	.441	130	140	.929	64	267	331	96	57	10	61	127	
2008-09	NOP	61	59	2,088.6	812	287	719	.399	145	384	.378	93	104	.894	44	220	264	75	52	3	51	101	
2009-10	NOP	62	55	1,947	784	278	688	.404	132	352	.375	96	107	.897	39	188	227	92	48	5	56	83	
2010-11 *	All Teams	33	13	616.6	280	100	227	.441	57	136	.419	23	25	.920	14	61	75	29	13	2	17	24	
2010-11 *	DAL	25	13	505.6	215	79	184	.429	42	105	.400	15	16	.938	14	52	66	22	11	2	11	22	
2010-11 *	NOP	6	0	88.6	45	14	33	.424	11	25	.440	6	7	.857	0	6	6	6	2	0	4	2	
2010-11 *	TOR	2	0	22.4	20	7	10	.700	4	6	.667	2	2	1.000	0	3	3	1	0	0	2	0	
CAREER	 	804	665	26,964.5	13,647	4,825	10,719	.450	1,760	4,392	.401	2,237	2,500	.895	747	3,035	3,782	1,408	747	106	1,090	1,398	
