#	Player	Team	GP	MIN	PTS	FGM	FGA	FG%	3PM	3PA	3P%	FTM	FTA	FT%	ORB	DRB	REB	AST	STL	BLK	TOV	PF	
1	LeBron James *	-	1421	54,095.5	38,652	14,152	28,043	.505	2,261	6,563	.345	8,087	11,000	.735	1,666	9,001	10,667	10,420	2,186	1,073	4,966	2,604	
2	Kareem Abdul-Jabbar	-	1560	57,446.0	38,387	15,837	28,307	.559	1	18	.056	6,712	9,304	.721	2,975	9,393	17,439	5,660	1,160	3,189	2,527	4,657	
3	Karl Malone	-	1476	54,853.0	36,928	13,528	26,210	.516	85	310	.274	9,787	13,188	.742	3,562	11,406	14,968	5,248	2,085	1,143	4,524	4,577	
4	Kobe Bryant	LAL	1346	48,638.4	33,643	11,719	26,200	.447	1,827	5,546	.329	8,378	10,011	.837	1,499	5,548	7,047	6,306	1,944	640	4,010	3,353	
5	Michael Jordan	-	1072	41,013.0	32,292	12,192	24,537	.497	581	1,778	.327	7,327	8,772	.835	1,668	5,004	6,672	5,633	2,514	893	2,924	2,783	
6	Dirk Nowitzki	DAL	1522	51,371.7	31,560	11,169	23,734	.471	1,982	5,210	.380	7,240	8,239	.879	1,468	10,021	11,489	3,651	1,210	1,281	2,494	3,601	
7	Wilt Chamberlain	-	1045	47,859.0	31,419	12,681	23,497	.540	0	0	.000	6,057	11,862	.511	0	0	23,924	4,643	0	0	0	2,075	
8	Shaquille O'Neal	-	1207	41,916.9	28,596	11,330	19,457	.582	1	22	.045	5,935	11,252	.527	4,209	8,890	13,099	3,026	739	2,732	3,310	4,146	
9	Carmelo Anthony	-	1260	43,512.7	28,289	10,119	22,643	.447	1,731	4,873	.355	6,320	7,764	.814	1,983	5,825	7,808	3,422	1,223	644	3,052	3,543	
10	Moses Malone	-	1329	45,059.0	27,407	9,435	19,225	.491	8	80	.100	8,529	11,088	.769	6,731	9,481	16,212	1,797	1,090	1,733	3,800	3,076	
11	Elvin Hayes	-	1303	50,000.0	27,313	10,976	24,272	.452	5	34	.147	5,356	7,999	.670	2,778	6,973	16,279	2,398	864	1,771	1,358	4,193	
12	Hakeem Olajuwon	-	1238	44,222.0	26,946	10,749	20,991	.512	25	124	.202	5,423	7,620	.712	4,034	9,714	13,748	3,057	2,163	3,825	3,668	4,384	
13	Kevin Durant *	-	986	36,179.9	26,892	9,199	18,439	.499	1,863	4,840	.385	6,631	7,487	.886	676	6,283	6,959	4,267	1,055	1,105	3,120	1,900	
14	Oscar Robertson	-	1040	43,886.0	26,710	9,508	19,620	.485	0	0	.000	7,694	9,185	.838	71	208	7,804	9,887	77	4	0	2,931	
15	Dominique Wilkins	-	1074	38,113.0	26,668	9,963	21,589	.461	711	2,232	.319	6,031	7,438	.811	2,944	4,223	7,167	2,677	1,378	644	2,670	2,061	
16	Tim Duncan	SAS	1392	47,362.3	26,496	10,285	20,334	.506	30	168	.179	5,896	8,468	.696	3,859	11,232	15,091	4,225	1,025	3,020	3,381	3,304	
17	Paul Pierce	-	1343	45,877.4	26,397	8,668	19,465	.445	2,143	5,816	.368	6,918	8,578	.806	1,092	6,435	7,527	4,708	1,752	746	3,532	3,643	
18	John Havlicek	BOS	1270	46,471.0	26,395	10,513	23,930	.439	0	0	.000	5,369	6,589	.815	610	1,389	8,007	6,114	476	117	204	3,281	
19	Kevin Garnett	-	1462	50,418.2	26,071	10,505	21,142	.497	174	632	.275	4,887	6,190	.789	3,209	11,453	14,662	5,445	1,859	2,036	3,179	3,560	
20	Vince Carter	-	1541	46,368.6	25,728	9,293	21,339	.435	2,290	6,168	.371	4,852	6,082	.798	1,658	4,948	6,606	4,714	1,530	888	2,590	3,995	
21	Alex English	-	1193	38,054.0	25,613	10,659	21,037	.507	18	83	.217	4,277	5,141	.832	2,782	3,759	6,541	4,348	1,064	833	2,818	3,027	
22	Reggie Miller	IND	1389	47,620.0	25,279	8,241	17,499	.471	2,560	6,486	.395	6,237	7,026	.888	883	3,299	4,182	4,141	1,505	299	2,412	2,731	
23	Jerry West	LAL	932	36,571.0	25,192	9,016	19,032	.474	0	0	.000	7,160	8,801	.814	30	86	5,366	6,238	81	23	0	2,435	
24	Patrick Ewing	-	1183	40,594.0	24,815	9,702	19,242	.504	19	125	.152	5,392	7,289	.740	2,752	8,855	11,607	2,215	1,136	2,893	3,533	4,034	
25	James Harden *	-	1000	34,750.8	24,693	7,291	16,493	.442	2,754	7,594	.363	7,357	8,556	.860	782	4,866	5,648	7,015	1,520	543	3,734	2,568	
26	Ray Allen	-	1300	46,344.0	24,505	8,567	18,955	.452	2,973	7,429	.400	4,398	4,920	.894	1,230	4,042	5,272	4,361	1,451	243	2,709	2,858	
27	Russell Westbrook *	-	1094	37,550.0	24,457	8,754	19,996	.438	1,231	4,032	.305	5,718	7,352	.778	1,779	6,185	7,964	9,162	1,775	346	4,443	2,848	
28	Allen Iverson	-	914	37,583.4	24,368	8,467	19,906	.425	1,059	3,383	.313	6,375	8,168	.780	745	2,649	3,394	5,624	1,983	164	3,262	1,777	
29	Charles Barkley	-	1073	39,323.0	23,757	8,435	15,605	.541	538	2,019	.266	6,349	8,643	.735	4,260	8,286	12,546	4,215	1,649	887	3,369	3,287	
30	Robert Parish	-	1611	45,704.0	23,335	9,614	17,914	.537	0	6	.000	4,107	5,694	.721	4,598	10,117	14,715	2,179	1,219	2,357	3,183	4,443	
31	Adrian Dantley	-	955	34,143.0	23,177	8,168	15,120	.540	7	41	.171	6,834	8,353	.818	2,207	3,248	5,455	2,830	944	150	2,502	2,549	
32	Dwyane Wade	-	1054	35,775.9	23,165	8,454	17,618	.480	549	1,874	.293	5,708	7,463	.765	1,258	3,675	4,933	5,701	1,620	885	3,326	2,328	
33	Elgin Baylor	LAL	846	33,863.0	23,149	8,693	20,171	.431	0	0	.000	5,763	7,391	.780	0	0	11,463	3,650	0	0	0	2,596	
34	Clyde Drexler	-	1086	37,537.0	22,195	8,335	17,673	.472	827	2,603	.318	4,698	5,962	.788	2,615	4,062	6,677	6,125	2,208	717	2,987	3,285	
35	Gary Payton	-	1335	47,115.0	21,813	8,708	18,698	.466	1,132	3,570	.317	3,265	4,480	.729	1,392	3,877	5,269	8,966	2,445	285	3,030	3,217	
36	Larry Bird	BOS	897	34,440.0	21,791	8,591	17,334	.496	649	1,727	.376	3,960	4,471	.886	1,757	7,217	8,974	5,695	1,556	755	2,816	2,279	
37	Chris Paul *	-	1214	41,783.9	21,755	7,692	16,302	.472	1,642	4,448	.369	4,729	5,435	.870	741	4,716	5,457	11,501	2,544	194	2,888	2,926	
38	Stephen Curry *	GSW	882	30,303.0	21,712	7,434	15,653	.475	3,390	7,929	.428	3,454	3,801	.909	592	3,587	4,179	5,740	1,419	207	2,777	2,098	
39	DeMar DeRozan *	-	1031	35,471.3	21,685	7,790	16,652	.468	456	1,566	.291	5,649	6,725	.840	742	3,828	4,570	4,106	1,018	316	2,139	2,348	
40	Hal Greer	PHI	1122	39,788.0	21,586	8,504	18,811	.452	0	0	.000	4,578	5,717	.801	0	0	5,665	4,540	0	0	0	3,855	
41	Walt Bellamy	-	1043	38,940.0	20,941	7,914	15,340	.516	0	0	.000	5,113	8,088	.632	264	481	14,241	2,544	52	48	0	3,536	
42	Pau Gasol	-	1226	41,000.7	20,894	7,980	15,729	.507	179	486	.368	4,755	6,311	.753	3,085	8,220	11,305	3,925	606	1,941	2,638	2,632	
43	Bob Pettit	ATL	792	30,690.0	20,880	7,349	16,872	.436	0	0	.000	6,182	8,119	.761	0	0	12,849	2,369	0	0	0	2,529	
44	David Robinson	SAS	987	34,272.0	20,790	7,365	14,221	.518	25	100	.250	6,035	8,201	.736	3,083	7,414	10,497	2,441	1,388	2,954	2,417	2,835	
45	George Gervin	-	791	26,536.0	20,708	8,045	15,747	.511	77	259	.297	4,541	5,383	.844	1,186	2,422	3,608	2,212	942	670	2,138	2,331	
46	LaMarcus Aldridge	-	1076	36,242.0	20,558	8,311	16,872	.493	227	710	.320	3,709	4,563	.813	2,776	5,960	8,736	2,076	758	1,187	1,644	2,598	
47	Mitch Richmond	-	976	34,310.0	20,497	7,305	16,038	.455	1,326	3,417	.388	4,561	5,365	.850	881	2,920	3,801	3,398	1,211	254	2,579	2,500	
48	Joe Johnson	-	1277	44,232.3	20,407	7,823	17,720	.441	1,978	5,331	.371	2,783	3,468	.802	1,068	3,991	5,059	5,001	1,071	260	2,451	2,252	
49	Tom Chambers	-	1107	33,916.0	20,049	7,378	15,749	.468	227	739	.307	5,066	6,274	.807	1,942	4,761	6,703	2,283	886	626	2,547	3,742	
50	Antawn Jamison	-	1083	37,635.6	20,042	7,679	17,024	.451	1,163	3,365	.346	3,521	4,860	.724	2,557	5,600	8,157	1,761	1,048	421	1,714	2,579	
51	John Stockton	UTA	1504	47,764.0	19,711	7,039	13,658	.515	845	2,202	.384	4,788	5,796	.826	966	3,085	4,051	15,806	3,265	313	4,245	3,940	
52	Bernard King	-	874	29,413.0	19,655	7,830	15,109	.518	23	134	.172	3,972	5,444	.730	1,704	3,356	5,060	2,862	866	230	2,791	2,885	
53	Cliff Robinson	-	1380	42,557.8	19,591	7,389	16,875	.438	1,253	3,515	.356	3,560	5,165	.689	1,852	4,454	6,306	3,094	1,402	1,388	2,501	4,176	
54	Walter Davis	-	1033	28,859.0	19,521	8,118	15,862	.512	157	577	.272	3,128	3,676	.851	889	2,164	3,053	3,876	1,280	133	2,541	2,455	
55	Dwight Howard	-	1242	39,454.2	19,485	7,051	12,016	.587	22	103	.214	5,361	9,455	.567	4,151	10,476	14,627	1,676	1,081	2,228	3,302	3,912	
56	Tony Parker	-	1254	38,278.6	19,473	7,777	15,830	.491	519	1,603	.324	3,400	4,525	.751	441	2,955	3,396	7,036	1,053	98	2,865	2,059	
57	Terry Cummings	-	1183	33,897.0	19,460	8,045	16,628	.484	44	149	.295	3,326	4,711	.706	3,183	5,447	8,630	2,190	1,255	650	2,200	3,835	
58	Jamal Crawford	-	1327	38,994.6	19,419	6,752	16,467	.410	2,221	6,379	.348	3,694	4,286	.862	466	2,482	2,948	4,541	1,179	271	2,476	2,008	
59	Damian Lillard *	POR	769	27,939.1	19,376	6,281	14,299	.439	2,387	6,410	.372	4,427	4,946	.895	469	2,784	3,253	5,151	733	239	2,186	1,477	
60	Bob Lanier	-	959	32,103.0	19,248	7,761	15,092	.514	2	13	.154	3,724	4,858	.767	1,843	4,853	9,698	3,007	777	1,100	1,112	3,048	
61	Eddie Johnson	-	1199	32,615.0	19,202	7,727	16,361	.472	562	1,679	.335	3,186	3,792	.840	1,786	3,046	4,832	2,550	739	180	2,071	2,964	
62	Gail Goodrich	-	1031	33,527.0	19,181	7,431	16,300	.456	0	0	.000	4,319	5,354	.807	453	651	3,279	4,805	545	72	390	2,775	
63	Reggie Theus	-	1026	34,593.0	19,015	7,057	14,973	.471	238	944	.252	4,663	5,644	.826	1,182	2,167	3,349	6,453	1,206	236	3,493	3,008	
64	Dale Ellis	-	1209	34,778.0	19,004	7,323	15,275	.479	1,719	4,267	.403	2,639	3,365	.784	1,533	2,668	4,201	1,746	974	183	1,771	2,480	
65	Scottie Pippen	-	1178	41,070.0	18,940	7,420	15,700	.473	978	3,002	.326	3,122	4,437	.704	2,068	5,426	7,494	6,135	2,307	946	3,257	3,329	
66	Jason Terry	-	1410	42,033.5	18,881	6,914	15,585	.444	2,282	6,010	.380	2,771	3,278	.845	502	2,772	3,274	5,415	1,603	275	2,415	2,577	
67	Chet Walker	-	1032	33,433.0	18,831	6,876	14,628	.470	0	0	.000	5,079	6,384	.796	245	593	7,314	2,126	117	10	0	2,727	
68	Isiah Thomas	DET	979	35,516.0	18,822	7,194	15,904	.452	398	1,373	.290	4,036	5,316	.759	952	2,526	3,478	9,061	1,861	250	3,682	2,971	
69	Bob McAdoo	-	852	28,327.0	18,787	7,420	14,751	.503	3	37	.081	3,944	5,229	.754	1,818	5,502	8,048	1,951	751	1,147	1,223	2,726	
70	Zach Randolph	-	1116	34,613.9	18,578	7,436	15,774	.471	199	729	.273	3,507	4,592	.764	3,279	6,929	10,208	2,049	834	301	2,290	2,629	
71	Mark Aguirre	-	923	27,730.0	18,458	7,201	14,865	.484	392	1,258	.312	3,664	4,944	.741	1,704	2,874	4,578	2,870	688	299	2,307	2,598	
72	Dolph Schayes	PHI	996	29,800.0	18,438	5,863	15,427	.380	0	0	.000	6,712	7,904	.849	0	0	11,256	3,072	0	0	0	3,432	
73	Rick Barry	-	794	28,825.0	18,395	7,252	16,163	.449	73	221	.330	3,818	4,243	.900	510	2,366	5,168	4,017	1,104	269	574	2,264	
74	Tracy McGrady	-	938	30,661.3	18,381	6,709	15,413	.435	1,081	3,198	.338	3,882	5,202	.746	1,300	3,976	5,276	4,161	1,137	807	2,029	1,661	
75	Julius Erving	PHI	836	28,677.0	18,364	7,237	14,276	.507	46	176	.261	3,844	4,950	.777	2,067	3,534	5,601	3,224	1,509	1,293	2,322	2,286	
76	Glen Rice	-	1000	34,985.0	18,336	6,776	14,867	.456	1,559	3,896	.400	3,225	3,813	.846	946	3,441	4,387	2,097	958	265	1,733	2,361	
77	Dave Bing	-	901	32,769.0	18,327	6,962	15,769	.441	0	0	.000	4,403	5,683	.775	418	741	3,420	5,397	483	89	216	2,615	
78	World B. Free	-	886	26,893.0	17,955	6,512	14,289	.456	213	632	.337	4,718	6,264	.753	1,010	1,418	2,428	3,320	910	224	1,866	2,270	
79	Calvin Murphy	HOU	1002	30,607.0	17,949	7,247	15,030	.482	10	72	.139	3,445	3,864	.892	499	952	2,103	4,402	1,165	51	822	3,250	
80	Lou Hudson	-	890	29,794.0	17,940	7,392	15,129	.489	0	0	.000	3,156	3,960	.797	436	718	3,926	2,432	516	98	249	2,439	
81	Chris Mullin	-	986	32,155.0	17,911	6,740	13,243	.509	815	2,120	.384	3,616	4,178	.865	1,026	3,008	4,034	3,448	1,531	548	2,313	2,050	
82	Lenny Wilkens	-	1077	38,064.0	17,772	6,189	14,327	.432	0	0	.000	5,394	6,973	.774	118	279	5,030	7,211	174	26	0	3,285	
83	Bailey Howell	-	950	30,627.0	17,770	6,515	13,585	.480	0	0	.000	4,740	6,224	.762	0	0	9,383	1,853	0	0	0	3,498	
84	Magic Johnson	LAL	906	33,251.0	17,707	6,211	11,949	.520	325	1,073	.303	4,960	5,850	.848	1,601	4,955	6,556	10,136	1,724	374	3,506	2,050	
85	Shawn Marion	-	1163	40,100.6	17,700	7,289	15,056	.484	791	2,390	.331	2,331	2,877	.810	2,732	7,370	10,102	2,199	1,758	1,235	1,750	2,535	
86	Rudy Gay *	-	1120	34,559.7	17,642	6,670	14,771	.452	1,186	3,429	.346	3,116	3,898	.799	1,447	4,836	6,283	2,280	1,231	798	2,245	2,524	
87	Rolando Blackman	-	980	32,087.0	17,620	6,886	13,967	.493	229	667	.343	3,619	4,309	.840	1,047	2,229	3,276	2,981	715	271	1,829	1,634	
88	Otis Thorpe	-	1257	39,818.0	17,602	6,873	12,593	.546	3	64	.047	3,853	5,612	.687	3,447	6,923	10,370	2,730	841	501	2,772	4,146	
89	Jason Kidd	-	1391	50,111.1	17,529	6,219	15,557	.400	1,988	5,701	.349	3,103	3,954	.785	1,768	6,957	8,725	12,091	2,684	450	4,003	2,572	
90	Earl Monroe	-	926	29,636.0	17,454	6,906	14,898	.464	0	0	.000	3,642	4,513	.807	260	976	2,796	3,594	473	121	305	2,416	
91	Steve Nash	-	1217	38,070.1	17,387	6,321	12,892	.490	1,685	3,939	.428	3,060	3,384	.904	643	2,999	3,642	10,335	899	102	3,478	1,982	
92	Kevin McHale	BOS	971	30,121.0	17,334	6,830	12,334	.554	41	157	.261	3,633	4,553	.798	2,358	4,764	7,122	1,670	344	1,689	1,893	2,758	
93	Michael Finley	-	1103	37,997.4	17,306	6,696	15,095	.444	1,454	3,880	.375	2,460	3,032	.811	1,121	3,683	4,804	3,245	996	323	1,629	1,812	
94	Jack Sikma	-	1107	36,943.0	17,287	6,396	13,792	.464	203	618	.328	4,292	5,053	.849	2,542	8,275	10,817	3,488	1,164	1,048	2,584	3,871	
95	Kevin Willis	-	1424	38,363.6	17,253	7,095	14,572	.487	40	190	.211	3,023	4,238	.713	4,131	7,769	11,900	1,328	957	746	2,518	4,172	
96	Jeff Malone	-	905	29,662.0	17,233	7,099	14,674	.484	86	321	.268	2,949	3,385	.871	572	1,792	2,364	2,154	577	100	1,538	1,695	
97	Chris Bosh	-	893	31,935.4	17,189	6,209	12,581	.494	305	910	.335	4,466	5,591	.799	1,927	5,665	7,592	1,795	730	932	1,807	2,159	
98	Chris Webber	-	831	30,846.3	17,182	7,192	15,024	.479	264	883	.299	2,534	3,906	.649	2,271	5,853	8,124	3,526	1,197	1,200	2,313	2,701	
99	Grant Hill	-	1026	34,775.4	17,137	6,345	13,126	.483	219	697	.314	4,228	5,498	.769	1,176	4,993	6,169	4,252	1,248	576	2,459	2,377	
100	Bob Cousy	-	924	30,165.0	16,960	6,168	16,468	.375	0	0	.000	4,624	5,756	.803	0	0	4,786	6,955	0	0	0	2,242	
