Season	Team	GP	GS	MIN	PTS	FGM	FGA	FG%	3PM	3PA	3P%	FTM	FTA	FT%	OFF	DEF	TRB	AST	STL	BLK	TOV	PF	
1971-72	BUF	76	-	2,094	1,022	432	896	.482	-	-	-	158	254	.622	-	-	368	189	-	-	-	202	
1972-73	BUF	82	-	2,603	1,214	511	1,154	.443	-	-	-	192	264	.727	-	-	391	422	-	-	-	247	
1973-74	BUF	82	-	2,745	1,267	531	1,079	.492	-	-	-	205	288	.712	87	228	315	383	203	4	-	261	
1974-75	BUF	82	-	3,001	1,456	610	1,261	.484	-	-	-	236	295	.800	95	249	344	534	137	3	-	247	
1975-76
☆	BUF	82	-	3,167	1,787	702	1,422	.494	-	-	-	383	469	.817	104	313	417	484	153	4	-	274	
1976-77	BUF	82	-	3,094	1,698	702	1,504	.467	-	-	-	294	386	.762	134	323	457	441	176	8	-	264	
1977-78
☆	BUF	82	-	3,314	2,021	789	1,697	.465	-	-	-	443	554	.800	110	200	310	458	172	11	286	224	
1978-79	SDC	82	-	3,111	1,678	693	1,523	.455	-	-	-	292	359	.813	102	193	295	395	177	5	255	177	
1979-80	CLE	82	-	2,677	1,441	599	1,326	.452	10	53	.189	233	283	.823	93	163	256	363	125	7	200	190	
1980-81	CLE	82	-	2,199	1,194	486	1,043	.466	1	28	.036	221	271	.815	46	147	193	357	113	14	195	132	
1981-82	NYK	82	40	2,033	821	348	748	.465	3	11	.273	122	151	.808	53	102	155	255	91	1	124	199	
1982-83 *	All Teams	80	16	1,406	663	273	565	.483	3	18	.167	114	131	.870	37	59	96	206	56	0	98	139	
1982-83 *	SDC	65	16	1,264	592	244	499	.489	3	16	.188	101	117	.863	35	53	88	192	54	0	89	122	
1982-83 *	ATL	15	0	142	71	29	66	.439	0	2	.000	13	14	.929	2	6	8	14	2	0	9	17	
CAREER	 	976	56	31,444	16,262	6,676	14,218	.470	17	110	.155	2,893	3,705	.781	861	1,977	3,597	4,487	1,403	57	1,158	2,556	
