Season	Team	GP	GS	MIN	PTS	FGM	FGA	FG%	3PM	3PA	3P%	FTM	FTA	FT%	OFF	DEF	TRB	AST	STL	BLK	TOV	PF	
1995-96	WAS	65	51	1,788	655	275	565	.487	27	82	.329	78	120	.650	93	210	303	85	42	54	103	206	
1996-97	POR	62	56	1,892	938	380	681	.558	9	33	.273	169	265	.638	122	297	419	74	48	59	114	198	
1997-98	POR	77	77	2,896	1,124	466	875	.533	8	39	.205	184	278	.662	132	346	478	195	75	88	167	268	
1998-99	POR	49	18	1,414	628	242	476	.508	13	31	.419	131	179	.732	57	184	241	60	48	54	80	175	
1999-00
☆	POR	81	77	2,836	1,325	542	1,045	.519	8	50	.160	233	331	.704	129	437	566	142	87	107	157	216	
2000-01
☆	POR	77	75	2,940	1,477	590	1,178	.501	52	162	.321	245	320	.766	147	455	602	212	90	135	158	206	
2001-02	POR	79	79	2,963	1,521	603	1,287	.469	114	317	.360	201	274	.734	136	509	645	152	101	101	131	212	
2002-03	POR	74	74	2,684	1,340	515	1,094	.471	110	307	.358	200	272	.735	113	435	548	153	70	77	140	223	
2003-04 *	All Teams	68	66	2,390	1,088	425	974	.436	82	248	.331	156	212	.736	102	357	459	156	61	122	119	190	
2003-04 *	POR	45	44	1,676	766	296	669	.442	59	173	.341	115	155	.742	69	229	298	114	36	72	87	131	
2003-04 *	DET	22	21	672	302	121	281	.431	22	69	.319	38	54	.704	32	123	155	40	24	45	29	59	
2003-04 *	ATL	1	1	42	20	8	24	.333	1	6	.167	3	3	1.000	1	5	6	2	1	5	3	0	
2004-05	DET	79	79	2,687	1,145	467	1,062	.440	75	236	.318	136	195	.697	174	470	644	142	65	115	127	236	
2005-06
☆	DET	80	80	2,778.4	1,209	459	1,067	.430	155	434	.357	136	183	.743	90	457	547	182	82	130	85	232	
2006-07	DET	75	72	2,419	926	357	843	.423	104	296	.351	108	137	.788	90	453	543	127	75	118	94	225	
2007-08
☆	DET	77	76	2,346.3	979	376	870	.432	112	315	.356	115	150	.767	84	427	511	137	91	129	86	213	
2008-09	DET	66	63	2,122.5	795	302	720	.419	113	319	.354	78	101	.772	56	434	490	91	62	86	59	197	
2009-10	BOS	79	13	1,780.4	710	266	650	.409	82	290	.283	96	125	.768	42	283	325	80	80	70	63	222	
2012-13	NYK	21	0	296	146	55	142	.387	22	69	.319	14	20	.700	11	72	83	6	13	15	10	40	
CAREER	 	1109	956	36,232.6	16,006	6,320	13,529	.467	1,086	3,228	.336	2,280	3,162	.721	1,578	5,826	7,404	1,994	1,090	1,460	1,693	3,259	
