Season	Team	GP	GS	MIN	PTS	FGM	FGA	FG%	3PM	3PA	3P%	FTM	FTA	FT%	OFF	DEF	TRB	AST	STL	BLK	TOV	PF	
1996-97	MIL	82	81	2,532	1,102	390	908	.430	117	298	.393	205	249	.823	97	229	326	210	75	9	149	218	
1997-98	MIL	82	82	3,286	1,602	563	1,315	.428	134	368	.364	342	391	.875	127	278	405	356	111	12	263	244	
1998-99	MIL	50	50	1,719	856	303	673	.450	74	208	.356	176	195	.903	57	155	212	178	53	7	122	117	
1999-00
☆	MIL	82	82	3,070	1,809	642	1,411	.455	172	407	.423	353	398	.887	83	276	359	308	110	19	183	187	
2000-01
☆	MIL	82	82	3,129	1,806	628	1,309	.480	202	467	.433	348	392	.888	101	327	428	374	124	20	204	192	
2001-02
☆	MIL	69	68	2,525	1,503	530	1,148	.462	229	528	.434	214	245	.873	81	231	312	271	88	18	159	157	
2002-03 *	All Teams	76	75	2,880	1,713	598	1,363	.439	201	533	.377	316	345	.916	94	287	381	334	103	14	198	220	
2002-03 *	MIL	47	46	1,683	1,003	351	803	.437	123	311	.395	178	195	.913	45	173	218	164	57	11	117	149	
2002-03 *	SEA	29	29	1,197	710	247	560	.441	78	222	.351	138	150	.920	49	114	163	170	46	3	81	71	
2003-04
☆	SEA	56	56	2,152	1,287	447	1,017	.440	148	378	.392	245	271	.904	69	217	286	268	71	11	156	132	
2004-05
☆	SEA	78	78	3,065	1,867	640	1,494	.428	209	556	.376	378	428	.883	79	268	347	289	84	5	171	167	
2005-06
☆	SEA	78	78	3,022.5	1,955	681	1,500	.454	269	653	.412	324	359	.903	71	261	332	286	105	16	188	151	
2006-07
☆	SEA	55	55	2,219	1,454	505	1,153	.438	165	443	.372	279	309	.903	57	190	247	228	82	11	154	113	
2007-08
☆	BOS	73	73	2,623.6	1,273	439	986	.445	180	452	.398	215	237	.907	75	193	268	225	65	16	127	147	
2008-09
☆	BOS	79	79	2,875.8	1,434	499	1,040	.480	199	486	.409	237	249	.952	66	212	278	218	69	13	134	157	
2009-10	BOS	80	80	2,819.1	1,304	464	973	.477	145	399	.363	231	253	.913	45	208	253	210	64	25	129	182	
2010-11
☆	BOS	80	80	2,890.1	1,321	480	978	.491	168	378	.444	193	219	.881	51	223	274	219	77	16	117	147	
2011-12	BOS	46	42	1,565	655	226	493	.458	106	234	.453	97	106	.915	14	128	142	109	49	8	68	83	
2012-13	MIA	79	0	2,035.3	863	292	651	.449	139	332	.419	140	158	.886	40	177	217	135	67	15	103	129	
2013-14	MIA	73	9	1,935.8	701	240	543	.442	116	309	.375	105	116	.905	23	182	205	143	54	8	84	115	
CAREER	 	1300	1150	46,344	24,505	8,567	18,955	.452	2,973	7,429	.400	4,398	4,920	.894	1,230	4,042	5,272	4,361	1,451	243	2,709	2,858	
