Season	Team	GP	GS	MIN	PTS	FGM	FGA	FG%	3PM	3PA	3P%	FTM	FTA	FT%	OFF	DEF	TRB	AST	STL	BLK	TOV	PF	
1987-88	IND	82	1	1,840	822	306	627	.488	61	172	.355	149	186	.801	95	95	190	132	53	19	101	157	
1988-89	IND	74	70	2,536	1,181	398	831	.479	98	244	.402	287	340	.844	73	219	292	227	93	29	143	170	
1989-90
☆	IND	82	82	3,192	2,016	661	1,287	.514	150	362	.414	544	627	.868	95	200	295	311	110	18	222	175	
1990-91	IND	82	82	2,971	1,855	596	1,164	.512	112	322	.348	551	600	.918	81	200	281	331	109	13	163	165	
1991-92	IND	82	81	3,120	1,695	562	1,121	.501	129	341	.378	442	515	.858	82	236	318	314	105	26	157	210	
1992-93	IND	82	82	2,954	1,736	571	1,193	.479	167	419	.399	427	485	.880	67	191	258	262	120	26	145	182	
1993-94	IND	79	79	2,638	1,574	524	1,042	.503	123	292	.421	403	444	.908	30	182	212	248	119	24	175	193	
1994-95
☆	IND	81	81	2,665	1,588	505	1,092	.462	195	470	.415	383	427	.897	30	180	210	242	98	16	151	157	
1995-96
☆	IND	76	76	2,621	1,606	504	1,066	.473	168	410	.410	430	498	.863	38	176	214	253	77	13	189	175	
1996-97	IND	81	81	2,966	1,751	552	1,244	.444	229	536	.427	418	475	.880	53	233	286	273	75	25	169	172	
1997-98
☆	IND	81	81	2,795	1,578	516	1,081	.477	164	382	.429	382	440	.868	46	186	232	171	78	11	128	148	
1998-99	IND	50	50	1,787	920	294	671	.438	106	275	.385	226	247	.915	25	110	135	112	37	9	76	101	
1999-00
☆	IND	81	81	2,987	1,470	466	1,041	.448	165	404	.408	373	406	.919	50	189	239	187	85	25	129	126	
2000-01	IND	81	81	3,181	1,527	517	1,176	.440	170	464	.366	323	348	.928	38	247	285	260	81	15	133	162	
2001-02	IND	79	79	2,889	1,304	414	913	.453	180	443	.406	296	325	.911	23	196	219	253	88	10	120	144	
2002-03	IND	70	70	2,119	882	281	637	.441	113	318	.355	207	230	.900	21	151	172	170	62	4	66	89	
2003-04	IND	80	80	2,254	800	260	594	.438	134	334	.401	146	165	.885	18	170	188	249	65	11	68	96	
2004-05	IND	66	66	2,105	974	314	719	.437	96	298	.322	250	268	.933	18	138	156	146	50	5	77	109	
CAREER	 	1389	1303	47,620	25,279	8,241	17,499	.471	2,560	6,486	.395	6,237	7,026	.888	883	3,299	4,182	4,141	1,505	299	2,412	2,731	
