Season	Team	GP	GS	MIN	PTS	FGM	FGA	FG%	3PM	3PA	3P%	FTM	FTA	FT%	OFF	DEF	TRB	AST	STL	BLK	TOV	PF	
1978-79	CHI	82	-	2,753	1,338	537	1,119	.480	-	-	-	264	347	.761	92	136	228	429	93	18	303	270	
1979-80	CHI	82	-	3,029	1,660	566	1,172	.483	28	105	.267	500	597	.838	143	186	329	515	114	20	348	262	
1980-81
☆	CHI	82	-	2,820	1,549	543	1,097	.495	18	90	.200	445	550	.809	124	163	287	426	122	20	259	258	
1981-82	CHI	82	82	2,838	1,508	560	1,194	.469	25	100	.250	363	449	.808	115	197	312	476	87	16	277	243	
1982-83
☆	CHI	82	81	2,856	1,953	749	1,567	.478	21	91	.231	434	542	.801	91	209	300	484	143	17	321	281	
1983-84 *	All Teams	61	35	1,498	745	262	625	.419	7	42	.167	214	281	.762	50	79	129	352	50	12	156	171	
1983-84 *	CHI	31	5	601	271	92	237	.388	3	15	.200	84	108	.778	21	25	46	142	21	3	59	78	
1983-84 *	KCK	30	30	897	474	170	388	.438	4	27	.148	130	173	.751	29	54	83	210	29	9	97	93	
1984-85	KCK	82	80	2,543	1,341	501	1,029	.487	5	38	.132	334	387	.863	106	164	270	656	95	18	307	250	
1985-86	SAC	82	82	2,919	1,503	546	1,137	.480	6	34	.176	405	490	.827	73	231	304	788	112	20	327	231	
1986-87	SAC	79	76	2,862	1,600	577	1,223	.472	17	78	.218	429	495	.867	86	180	266	692	78	16	289	208	
1987-88	SAC	73	73	2,653	1,574	619	1,318	.470	16	59	.271	320	385	.831	72	160	232	463	59	16	234	173	
1988-89	ATL	82	82	2,517	1,296	497	1,067	.466	17	58	.293	285	335	.851	86	156	242	387	108	16	194	236	
1989-90	ORL	76	71	2,350	1,438	517	1,178	.439	26	105	.248	378	443	.853	75	146	221	407	60	12	226	194	
1990-91	NJN	81	81	2,955	1,510	583	1,247	.468	52	144	.361	292	343	.851	69	160	229	378	85	35	252	231	
CAREER	 	1026	743	34,593	19,015	7,057	14,973	.471	238	944	.252	4,663	5,644	.826	1,182	2,167	3,349	6,453	1,206	236	3,493	3,008	
