Season	Team	GP	GS	MIN	PTS	FGM	FGA	FG%	3PM	3PA	3P%	FTM	FTA	FT%	OFF	DEF	TRB	AST	STL	BLK	TOV	PF	
1999-00	WAS	71	12	1,373	639	254	605	.420	28	77	.364	103	133	.774	38	91	129	108	28	6	84	142	
2000-01	WAS	78	42	2,519	1,411	547	1,249	.438	40	146	.274	277	319	.868	75	163	238	224	75	10	201	203	
2001-02	WAS	63	57	2,203	1,260	472	1,084	.435	16	42	.381	300	337	.890	73	143	216	171	38	14	132	136	
2002-03	DET	82	82	2,639	1,612	570	1,286	.443	32	119	.269	440	528	.833	88	230	318	208	64	13	200	249	
2003-04	DET	78	78	2,772	1,375	530	1,166	.455	18	68	.265	297	342	.868	78	201	279	310	103	17	210	222	
2004-05	DET	76	76	2,926	1,424	510	1,160	.440	36	118	.305	368	429	.858	74	221	295	372	77	13	217	232	
2005-06
☆	DET	80	80	2,824.6	1,609	649	1,322	.491	55	120	.458	256	303	.845	84	172	256	275	52	16	173	207	
2006-07
☆	DET	75	75	2,763.4	1,485	547	1,170	.468	44	129	.341	347	403	.861	75	207	282	285	59	15	159	232	
2007-08
☆	DET	72	72	2,424.3	1,244	499	1,030	.484	62	141	.440	184	221	.833	75	160	235	299	73	10	132	171	
2008-09	DET	67	51	2,279	1,225	466	1,043	.447	70	190	.368	223	263	.848	44	163	207	297	40	4	133	176	
2009-10	DET	46	46	1,552.4	831	293	717	.409	41	138	.297	204	241	.846	30	92	122	202	30	3	115	115	
2010-11	DET	55	39	1,498.1	777	288	671	.429	55	144	.382	146	172	.849	24	102	126	171	39	4	88	95	
2011-12	CHI	28	28	696.6	326	140	310	.452	17	46	.370	29	37	.784	20	46	66	84	12	1	49	56	
2012-13	CHI	50	45	1,088	490	204	475	.429	16	52	.308	66	77	.857	16	67	83	119	24	5	84	93	
CAREER	 	921	783	29,558.3	15,708	5,969	13,288	.449	530	1,530	.346	3,240	3,805	.852	794	2,058	2,852	3,125	714	131	1,977	2,329	
