Season	Team	GP	GS	MIN	PTS	FGM	FGA	FG%	3PM	3PA	3P%	FTM	FTA	FT%	OFF	DEF	TRB	AST	STL	BLK	TOV	PF	
1982-83	DET	39	1	265	85	33	88	.375	1	7	.143	18	32	.563	15	20	35	14	8	4	18	42	
1983-84	SDC	69	35	1,280	685	268	570	.470	0	9	.000	149	173	.861	59	76	135	60	27	13	81	143	
1984-85	MIL	44	3	882	433	165	307	.537	1	4	.250	102	124	.823	49	68	117	94	34	5	63	117	
1985-86	MIL	81	8	2,147	1,127	429	798	.538	3	22	.136	266	310	.858	94	137	231	177	83	6	107	252	
1986-87	MIL	79	31	2,505	1,540	575	1,077	.534	3	28	.107	387	440	.880	117	149	266	144	64	24	120	224	
1987-88	MIL	37	0	965	606	248	486	.510	3	14	.214	107	122	.877	30	53	83	73	21	7	57	94	
1988-89	MIL	75	4	2,078	1,317	527	1,018	.518	8	36	.222	255	297	.859	82	115	197	156	77	19	112	193	
1989-90	MIL	59	0	1,709	1,359	503	987	.510	46	133	.346	307	366	.839	64	103	167	133	50	7	129	158	
1990-91 *
☆	All Teams	78	2	2,165	1,598	561	1,156	.485	46	116	.397	430	471	.913	67	124	191	168	60	13	147	170	
1990-91 *
☆	MIL	46	0	1,328	1,037	359	720	.499	37	93	.398	282	311	.907	37	80	117	96	38	11	93	90	
1990-91 *
☆	SEA	32	2	837	561	202	436	.463	9	23	.391	148	160	.925	30	44	74	72	22	2	54	80	
1991-92	SEA	78	78	2,658	1,690	620	1,306	.475	33	123	.268	417	455	.916	93	140	233	241	86	20	189	213	
1992-93	SEA	77	72	2,218	1,403	524	1,072	.489	42	113	.372	313	352	.889	58	134	192	220	100	7	160	167	
1993-94	SEA	51	0	1,022	739	272	577	.471	6	32	.188	189	211	.896	29	54	83	91	42	5	64	84	
1994-95	GOS	27	6	673	338	111	254	.437	23	70	.329	93	106	.877	12	52	64	40	22	2	24	38	
1995-96	IND	76	2	1,404	737	264	590	.447	35	104	.337	174	205	.849	40	96	136	101	57	6	93	188	
1996-97 *	All Teams	60	27	1,250	659	239	497	.481	42	95	.442	139	155	.897	36	85	121	80	28	9	68	97	
1996-97 *	DEN	33	10	600	335	120	260	.462	12	39	.308	83	92	.902	17	36	53	31	14	5	38	49	
1996-97 *	CHA	27	17	650	324	119	237	.502	30	56	.536	56	63	.889	19	49	68	49	14	4	30	48	
1997-98	MIL	39	0	443	151	52	143	.364	4	13	.308	43	52	.827	19	26	45	34	9	0	21	35	
CAREER	 	969	269	23,664	14,467	5,391	10,926	.493	296	919	.322	3,389	3,871	.875	864	1,432	2,296	1,826	768	147	1,453	2,215	
