Season	Team	GP	GS	MIN	PTS	FGM	FGA	FG%	3PM	3PA	3P%	FTM	FTA	FT%	OFF	DEF	TRB	AST	STL	BLK	TOV	PF	
1976-77	GOS	77	-	1,384	697	288	573	.503	-	-	-	121	171	.708	201	342	543	74	55	94	-	224	
1977-78	GOS	82	-	1,969	1,025	430	911	.472	-	-	-	165	264	.625	211	469	680	95	79	123	201	291	
1978-79	GOS	76	-	2,411	1,304	554	1,110	.499	-	-	-	196	281	.698	265	651	916	115	100	217	233	303	
1979-80	GOS	72	-	2,119	1,223	510	1,006	.507	0	1	.000	203	284	.715	247	536	783	122	58	115	225	248	
1980-81
☆	BOS	82	-	2,298	1,552	635	1,166	.545	0	1	.000	282	397	.710	245	532	777	144	81	214	191	310	
1981-82
☆	BOS	80	78	2,534	1,590	669	1,235	.542	0	0	.000	252	355	.710	288	578	866	140	68	192	221	267	
1982-83
☆	BOS	78	76	2,459	1,509	619	1,125	.550	0	1	.000	271	388	.698	260	567	827	141	79	148	185	222	
1983-84
☆	BOS	80	79	2,867	1,520	623	1,140	.546	0	0	.000	274	368	.745	243	614	857	139	55	116	184	266	
1984-85
☆	BOS	79	78	2,850	1,394	551	1,016	.542	0	0	.000	292	393	.743	263	577	840	125	56	101	186	223	
1985-86
☆	BOS	81	80	2,567	1,305	530	966	.549	0	0	.000	245	335	.731	246	524	770	145	65	116	187	215	
1986-87
☆	BOS	80	80	2,995	1,404	588	1,057	.556	0	1	.000	228	309	.738	254	597	851	172	64	144	191	266	
1987-88	BOS	74	73	2,312	1,061	442	750	.589	0	1	.000	177	241	.734	173	455	628	115	55	84	154	198	
1988-89	BOS	80	80	2,840	1,486	596	1,045	.570	0	0	.000	294	409	.719	342	654	996	175	79	116	200	209	
1989-90
☆	BOS	79	78	2,396	1,243	505	871	.580	0	0	.000	233	312	.747	259	537	796	103	38	69	169	189	
1990-91
☆	BOS	81	81	2,441	1,207	485	811	.598	0	1	.000	237	309	.767	271	585	856	66	66	103	153	197	
1991-92	BOS	79	79	2,285	1,115	468	874	.535	0	0	.000	179	232	.772	219	486	705	70	68	97	131	172	
1992-93	BOS	79	79	2,146	994	416	777	.535	0	0	.000	162	235	.689	246	494	740	61	57	103	120	201	
1993-94	BOS	74	74	1,987	866	356	725	.491	0	0	.000	154	208	.740	141	401	542	82	42	96	108	190	
1994-95	CHA	81	4	1,352	389	159	372	.427	0	0	.000	71	101	.703	93	257	350	44	27	36	66	132	
1995-96	CHA	74	34	1,086	290	120	241	.498	0	0	.000	50	71	.704	89	214	303	29	21	54	50	80	
1996-97	CHI	43	3	406	161	70	143	.490	0	0	.000	21	31	.677	42	47	89	22	6	19	28	40	
CAREER	 	1611	1134	45,704	23,335	9,614	17,914	.537	0	6	.000	4,107	5,694	.721	4,598	10,117	14,715	2,179	1,219	2,357	3,183	4,443	
