Season	Team	GP	GS	MIN	PTS	FGM	FGA	FG%	3PM	3PA	3P%	FTM	FTA	FT%	OFF	DEF	TRB	AST	STL	BLK	TOV	PF	
1981-82	DAL	82	16	1,979	1,091	439	855	.513	1	4	.250	212	276	.768	97	157	254	105	46	30	113	122	
1982-83	DAL	75	62	2,349	1,326	513	1,042	.492	3	15	.200	297	381	.780	108	185	293	185	37	29	118	116	
1983-84	DAL	81	81	3,025	1,815	721	1,320	.546	1	11	.091	372	458	.812	124	249	373	288	56	37	169	127	
1984-85
☆	DAL	81	80	2,834	1,598	625	1,230	.508	6	20	.300	342	413	.828	107	193	300	289	61	16	162	96	
1985-86
☆	DAL	82	81	2,787	1,760	676	1,317	.513	4	29	.138	404	483	.836	88	201	289	271	79	25	189	138	
1986-87
☆	DAL	80	80	2,758	1,675	626	1,263	.496	5	15	.333	418	474	.882	96	182	278	266	64	18	174	142	
1987-88	DAL	71	69	2,580	1,325	497	1,050	.473	0	5	.000	331	379	.873	82	164	246	262	64	18	144	112	
1988-89	DAL	78	78	2,946	1,534	594	1,249	.476	30	85	.353	316	370	.854	70	203	273	288	65	20	165	137	
1989-90
☆	DAL	80	80	2,934	1,552	626	1,256	.498	13	43	.302	287	340	.844	88	192	280	289	77	21	174	128	
1990-91	DAL	80	80	2,965	1,590	634	1,316	.482	40	114	.351	282	326	.865	63	193	256	301	69	19	159	153	
1991-92	DAL	75	74	2,527	1,374	535	1,161	.461	65	169	.385	239	266	.898	78	161	239	204	50	22	153	134	
1992-93	NYK	60	33	1,434	580	239	539	.443	31	73	.425	71	90	.789	23	79	102	157	22	10	65	129	
1993-94	NYK	55	1	969	400	161	369	.436	30	84	.357	48	53	.906	23	70	93	76	25	6	44	100	
CAREER	 	980	815	32,087	17,620	6,886	13,967	.493	229	667	.343	3,619	4,309	.840	1,047	2,229	3,276	2,981	715	271	1,829	1,634	
