Season	Team	GP	GS	MIN	PTS	FGM	FGA	FG%	3PM	3PA	3P%	FTM	FTA	FT%	OFF	DEF	TRB	AST	STL	BLK	TOV	PF	
2008-09	OKC	82	65	32.5	15.32	5.32	13.35	.398	0.43	1.57	.271	4.26	5.22	.815	2.17	2.70	4.87	5.30	1.34	0.20	3.34	2.33	
2009-10	OKC	82	82	34.3	16.12	5.91	14.15	.418	0.28	1.27	.221	4.01	5.15	.780	1.74	3.15	4.89	7.95	1.32	0.41	3.27	2.49	
2010-11
☆	OKC	82	82	34.7	21.87	7.49	16.95	.442	0.41	1.26	.330	6.48	7.70	.842	1.48	3.15	4.62	8.17	1.89	0.37	3.85	2.52	
2011-12
☆	OKC	66	66	35.3	23.61	8.76	19.18	.457	0.94	2.97	.316	5.15	6.26	.823	1.45	3.11	4.56	5.48	1.70	0.32	3.62	2.23	
2012-13
☆	OKC	82	82	34.9	23.21	8.21	18.72	.438	1.18	3.66	.323	5.61	7.01	.800	1.35	3.87	5.22	7.40	1.77	0.29	3.33	2.30	
2013-14	OKC	46	46	30.7	21.78	7.52	17.20	.437	1.48	4.65	.318	5.26	6.37	.826	1.20	4.52	5.72	6.93	1.91	0.15	3.85	2.26	
2014-15
☆	OKC	67	67	34.4	28.15	9.36	21.96	.426	1.28	4.30	.299	8.15	9.76	.835	1.85	5.43	7.28	8.57	2.09	0.21	4.37	2.75	
2015-16
☆	OKC	80	80	34.4	23.48	8.20	18.05	.454	1.26	4.26	.296	5.81	7.16	.812	1.81	6.01	7.83	10.43	2.04	0.25	4.28	2.50	
2016-17
★	OKC	81	81	34.6	31.58	10.17	23.96	.425	2.47	7.20	.343	8.77	10.37	.845	1.69	8.98	10.67	10.37	1.63	0.38	5.41	2.35	
2017-18
☆	OKC	80	80	36.4	25.35	9.46	21.09	.449	1.21	4.08	.298	5.21	7.08	.737	1.90	8.15	10.05	10.25	1.84	0.25	4.76	2.50	
2018-19
☆	OKC	73	73	36.0	22.95	8.63	20.18	.428	1.63	5.63	.290	4.05	6.18	.656	1.49	9.56	11.05	10.74	1.95	0.45	4.45	3.36	
2019-20
☆	HOU	57	57	36.0	27.25	10.60	22.47	.472	0.96	3.74	.258	5.09	6.67	.763	1.75	6.16	7.91	7.04	1.63	0.35	4.47	3.51	
2020-21	WAS	65	65	36.4	22.23	8.37	19.05	.439	1.32	4.20	.315	4.17	6.35	.656	1.68	9.86	11.54	11.74	1.37	0.35	4.80	2.92	
2021-22	LAL	78	78	34.3	18.47	7.03	15.81	.444	1.01	3.40	.298	3.41	5.12	.667	1.41	6.03	7.44	7.05	0.96	0.26	3.78	3.01	
2022-23 *	All Teams	73	24	29.1	15.88	5.92	13.58	.436	1.22	3.92	.311	2.82	4.30	.656	1.22	4.58	5.79	7.55	1.04	0.45	3.49	2.22	
2022-23 *	LAL	52	3	28.7	15.90	5.85	14.02	.417	1.21	4.10	.296	3.00	4.58	.655	1.13	5.04	6.17	7.52	1.02	0.44	3.54	2.33	
2022-23 *	LAC	21	21	30.2	15.81	6.10	12.48	.489	1.24	3.48	.356	2.38	3.62	.658	1.43	3.43	4.86	7.62	1.10	0.48	3.38	1.95	
CAREER	 	1094	1028	34.3	22.36	8.00	18.28	.438	1.13	3.69	.305	5.23	6.72	.778	1.63	5.65	7.28	8.37	1.62	0.32	4.06	2.60	
