Season	Team	GP	GS	MIN	PTS	FGM	FGA	FG%	3PM	3PA	3P%	FTM	FTA	FT%	OFF	DEF	TRB	AST	STL	BLK	TOV	PF	
1987-88	CHI	79	0	1,650	625	261	564	.463	4	23	.174	99	172	.576	115	183	298	169	91	52	131	214	
1988-89	CHI	73	56	2,413	1,048	413	867	.476	21	77	.273	201	301	.668	138	307	445	256	139	61	199	261	
1989-90
☆	CHI	82	82	3,148	1,351	562	1,150	.489	28	112	.250	199	295	.675	150	397	547	444	211	101	278	298	
1990-91	CHI	82	82	3,014	1,461	600	1,153	.520	21	68	.309	240	340	.706	163	432	595	511	193	93	232	270	
1991-92
☆	CHI	82	82	3,164	1,720	687	1,359	.506	16	80	.200	330	434	.760	185	445	630	572	155	93	253	242	
1992-93
☆	CHI	81	81	3,123	1,510	628	1,327	.473	22	93	.237	232	350	.663	203	418	621	507	173	72	246	219	
1993-94
☆	CHI	72	72	2,759	1,587	627	1,278	.491	63	197	.320	270	409	.660	173	456	629	403	211	58	232	227	
1994-95
☆	CHI	79	79	3,014	1,692	634	1,320	.480	109	316	.345	315	440	.716	175	464	639	409	232	89	271	238	
1995-96
☆	CHI	77	77	2,825	1,496	563	1,216	.463	150	401	.374	220	324	.679	152	344	496	452	133	57	207	198	
1996-97
☆	CHI	82	82	3,095	1,656	648	1,366	.474	156	424	.368	204	291	.701	160	371	531	467	154	45	214	213	
1997-98	CHI	44	44	1,652	841	315	704	.447	61	192	.318	150	193	.777	53	174	227	254	79	43	109	116	
1998-99	HOU	50	50	2,011	726	261	604	.432	72	212	.340	132	183	.721	63	260	323	293	98	37	159	118	
1999-00	POR	82	82	2,748	1,022	388	860	.451	86	263	.327	160	223	.717	114	399	513	406	117	41	208	208	
2000-01	POR	64	60	2,133	721	269	596	.451	64	186	.344	119	161	.739	70	263	333	294	94	35	154	158	
2001-02	POR	62	60	1,998	659	246	599	.411	54	177	.305	113	146	.774	77	244	321	363	101	35	171	162	
2002-03	POR	64	58	1,911	689	265	597	.444	38	133	.286	121	148	.818	57	221	278	285	105	25	164	149	
2003-04	CHI	23	6	412	136	53	140	.379	13	48	.271	17	27	.630	20	48	68	50	21	9	29	38	
CAREER	 	1178	1053	41,070	18,940	7,420	15,700	.473	978	3,002	.326	3,122	4,437	.704	2,068	5,426	7,494	6,135	2,307	946	3,257	3,329	
