Season	Team	GP	GS	MIN	PTS	FGM	FGA	FG%	3PM	3PA	3P%	FTM	FTA	FT%	OFF	DEF	TRB	AST	STL	BLK	TOV	PF	
1992-93
☆	ORL	81	81	3,071	1,893	733	1,304	.562	0	2	.000	427	721	.592	342	780	1,122	152	60	286	307	321	
1993-94
☆	ORL	81	81	3,224	2,377	953	1,591	.599	0	2	.000	471	850	.554	384	688	1,072	195	76	231	222	281	
1994-95
☆	ORL	79	79	2,923	2,315	930	1,594	.583	0	5	.000	455	854	.533	328	573	901	214	73	192	204	258	
1995-96
☆	ORL	54	52	1,946	1,434	592	1,033	.573	1	2	.500	249	511	.487	182	414	596	155	34	115	155	193	
1996-97
☆	LAL	51	51	1,941	1,336	552	991	.557	0	4	.000	232	479	.484	195	445	640	159	46	147	146	180	
1997-98
☆	LAL	60	57	2,175	1,699	670	1,147	.584	0	0	.000	359	681	.527	208	473	681	142	39	144	175	193	
1998-99	LAL	49	49	1,705	1,289	510	885	.576	0	1	.000	269	498	.540	187	338	525	114	36	82	122	155	
1999-00
★	LAL	79	79	3,163	2,344	956	1,665	.574	0	1	.000	432	824	.524	336	742	1,078	299	36	239	223	255	
2000-01
☆	LAL	74	74	2,924	2,125	813	1,422	.572	0	2	.000	499	972	.513	291	649	940	277	47	204	218	256	
2001-02
☆	LAL	67	66	2,422	1,822	712	1,229	.579	0	1	.000	398	717	.555	235	480	715	200	41	137	171	199	
2002-03
☆	LAL	67	66	2,535	1,841	695	1,211	.574	0	0	.000	451	725	.622	259	483	742	206	38	159	196	229	
2003-04
☆	LAL	67	67	2,464	1,439	554	948	.584	0	0	.000	331	676	.490	246	523	769	196	34	166	195	225	
2004-05
☆	MIA	73	73	2,492	1,669	658	1,095	.601	0	0	.000	353	765	.461	253	507	760	200	36	171	203	262	
2005-06
☆	MIA	59	58	1,805.1	1,181	480	800	.600	0	0	.000	221	471	.469	172	369	541	113	23	104	168	230	
2006-07
☆	MIA	40	39	1,134.6	690	283	479	.591	0	0	.000	124	294	.422	97	200	297	79	8	55	95	139	
2007-08 *	All Teams	61	61	1,748.1	832	331	558	.593	0	0	.000	170	338	.503	166	388	554	93	32	88	181	228	
2007-08 *	MIA	33	33	944.6	470	191	329	.581	0	0	.000	88	178	.494	99	159	258	45	19	54	98	134	
2007-08 *	PHX	28	28	803.5	362	140	229	.611	0	0	.000	82	160	.513	67	229	296	48	13	34	83	94	
2008-09
☆	PHX	75	75	2,252.1	1,333	512	841	.609	0	1	.000	309	519	.595	187	446	633	126	49	108	168	253	
2009-10	CLE	53	53	1,240.4	636	262	463	.566	0	1	.000	112	226	.496	93	262	355	80	15	62	105	169	
2010-11	BOS	37	36	751.6	341	134	201	.667	0	0	.000	73	131	.557	48	130	178	26	16	42	56	120	
CAREER	 	1207	1197	41,916.9	28,596	11,330	19,457	.582	1	22	.045	5,935	11,252	.527	4,209	8,890	13,099	3,026	739	2,732	3,310	4,146	
