Season	Team	GP	GS	MIN	PTS	FGM	FGA	FG%	3PM	3PA	3P%	FTM	FTA	FT%	OFF	DEF	TRB	AST	STL	BLK	TOV	PF	
1989-90	SEA	81	1	1,120	525	203	424	.479	2	12	.167	117	159	.736	146	200	346	26	47	70	107	204	
1990-91	SEA	81	66	2,442	1,214	462	909	.508	2	12	.167	288	436	.661	267	412	679	144	77	123	202	319	
1991-92	SEA	64	23	1,808	994	362	718	.504	0	3	.000	270	361	.748	264	401	665	86	70	124	156	261	
1992-93
☆	SEA	78	68	2,582	1,388	515	1,047	.492	0	4	.000	358	503	.712	287	546	833	155	119	146	217	327	
1993-94
☆	SEA	79	73	2,597	1,431	533	990	.538	1	4	.250	364	491	.741	312	539	851	207	142	166	259	312	
1994-95
☆	SEA	82	79	2,679	1,530	545	997	.547	2	7	.286	438	585	.749	318	575	893	149	102	122	259	337	
1995-96
☆	SEA	79	76	2,631	1,550	526	937	.561	5	12	.417	493	664	.742	276	628	904	173	93	127	315	299	
1996-97
☆	SEA	81	75	2,750	1,516	526	1,032	.510	12	33	.364	452	609	.742	275	532	807	156	125	81	280	320	
1997-98
☆	CLE	80	80	2,769	1,442	518	1,164	.445	2	8	.250	404	556	.727	219	526	745	197	108	90	271	310	
1998-99	CLE	42	42	1,475	862	277	575	.482	1	2	.500	307	389	.789	131	257	388	101	48	45	127	159	
1999-00	CLE	82	82	2,487	1,463	484	1,160	.417	2	6	.333	493	635	.776	231	494	725	138	100	96	291	371	
2000-01	POR	68	3	1,083	441	168	413	.407	4	11	.364	101	131	.771	63	196	259	65	45	23	99	184	
2001-02	POR	75	5	1,233	454	175	407	.430	0	4	.000	104	131	.794	90	198	288	52	43	33	81	184	
2002-03	ORL	79	54	1,634	537	211	505	.418	0	1	.000	115	155	.742	147	304	451	55	66	33	102	239	
CAREER	 	1051	727	29,290	15,347	5,505	11,278	.488	33	119	.277	4,304	5,805	.741	3,026	5,808	8,834	1,704	1,185	1,279	2,766	3,826	
