Season	Team	GP	GS	MIN	PTS	FGM	FGA	FG%	3PM	3PA	3P%	FTM	FTA	FT%	OFF	DEF	TRB	AST	STL	BLK	TOV	PF	
1999-00	PHX	51	38	1,262	520	222	471	.471	4	22	.182	72	85	.847	105	227	332	69	38	53	51	113	
2000-01	PHX	79	79	2,857	1,369	557	1,160	.480	21	82	.256	234	289	.810	220	628	848	160	132	108	129	211	
2001-02	PHX	81	81	3,109	1,547	654	1,395	.469	48	122	.393	191	226	.845	211	593	804	163	148	88	144	214	
2002-03
☆	PHX	81	81	3,373	1,716	662	1,466	.452	141	364	.387	251	295	.851	199	574	773	198	185	95	157	208	
2003-04	PHX	79	79	3,217	1,498	590	1,341	.440	90	265	.340	228	268	.851	212	525	737	214	167	104	156	203	
2004-05
☆	PHX	81	81	3,146	1,569	613	1,289	.476	114	341	.334	229	275	.833	235	680	915	154	163	119	125	199	
2005-06
☆	PHX	81	81	3,263.7	1,769	716	1,365	.525	96	290	.331	241	298	.809	249	710	959	143	160	137	125	223	
2006-07
☆	PHX	80	80	3,010.3	1,403	561	1,071	.524	80	252	.317	201	248	.810	172	613	785	134	156	122	114	216	
2007-08 *	All Teams	63	62	2,315.2	972	400	787	.508	66	198	.333	106	150	.707	136	507	643	138	125	85	86	150	
2007-08 *	PHX	47	47	1,713	743	304	578	.526	58	167	.347	77	108	.713	86	378	464	98	95	70	49	117	
2007-08 *	MIA	16	15	602.2	229	96	209	.459	8	31	.258	29	42	.690	50	129	179	40	30	15	37	33	
2008-09 *	All Teams	69	68	2,470.5	891	382	788	.485	10	53	.189	117	147	.796	180	409	589	139	88	66	105	132	
2008-09 *	MIA	42	41	1,516.5	505	215	446	.482	8	40	.200	67	85	.788	107	258	365	77	57	45	56	92	
2008-09 *	TOR	27	27	954.1	386	167	342	.488	2	13	.154	50	62	.806	73	151	224	62	31	21	49	40	
2009-10	DAL	75	75	2,385	898	395	778	.508	3	19	.158	105	139	.755	158	319	477	107	69	61	99	141	
2010-11	DAL	80	27	2,252.9	999	434	834	.520	5	33	.152	126	164	.768	168	383	551	110	68	50	130	144	
2011-12	DAL	63	63	1,919.3	670	288	646	.446	20	68	.294	74	93	.796	145	320	465	132	67	36	98	87	
2012-13	DAL	67	67	2,010.2	812	355	690	.514	23	73	.315	79	101	.782	146	379	525	163	75	47	103	111	
2013-14	DAL	76	76	2,408.7	791	341	708	.482	58	162	.358	51	65	.785	132	365	497	124	90	37	95	125	
2014-15	CLE	57	24	1,100.8	276	119	267	.446	12	46	.261	26	34	.765	64	138	202	51	27	27	33	58	
CAREER	 	1163	1062	40,100.6	17,700	7,289	15,056	.484	791	2,390	.331	2,331	2,877	.810	2,732	7,370	10,102	2,199	1,758	1,235	1,750	2,535	
