Season	Team	GP	GS	MIN	PTS	FGM	FGA	FG%	3PM	3PA	3P%	FTM	FTA	FT%	OFF	DEF	TRB	AST	STL	BLK	TOV	PF	
2009-10	GOS	80	77	36.2	17.49	6.60	14.29	.462	2.08	4.75	.437	2.21	2.50	.885	0.60	3.85	4.45	5.90	1.90	0.24	3.04	3.15	
2010-11	GOS	74	74	33.6	18.55	6.82	14.23	.480	2.04	4.62	.442	2.86	3.07	.934	0.70	3.16	3.86	5.84	1.47	0.27	3.05	3.15	
2011-12	GOS	26	23	28.1	14.73	5.58	11.38	.490	2.12	4.65	.455	1.46	1.81	.809	0.58	2.81	3.38	5.31	1.50	0.31	2.50	2.38	
2012-13	GOS	78	78	38.2	22.90	8.03	17.79	.451	3.49	7.69	.453	3.36	3.73	.900	0.76	3.27	4.03	6.91	1.62	0.15	3.08	2.54	
2013-14
☆	GOS	78	78	36.5	24.01	8.36	17.73	.471	3.35	7.88	.424	3.95	4.46	.885	0.59	3.69	4.28	8.54	1.64	0.18	3.77	2.49	
2014-15
★	GOS	80	80	32.7	23.75	8.16	16.76	.487	3.58	8.07	.443	3.85	4.21	.914	0.70	3.56	4.26	7.74	2.04	0.20	3.11	1.98	
2015-16
★	GOS	79	79	34.2	30.06	10.19	20.23	.504	5.09	11.22	.454	4.59	5.06	.908	0.86	4.58	5.44	6.67	2.14	0.19	3.32	2.04	
2016-17
☆	GOS	79	79	33.4	25.30	8.54	18.27	.468	4.10	9.99	.411	4.11	4.58	.898	0.77	3.70	4.47	6.63	1.80	0.22	3.03	2.32	
2017-18
☆	GOS	51	51	32.0	26.39	8.39	16.94	.495	4.16	9.82	.423	5.45	5.92	.921	0.71	4.41	5.12	6.08	1.57	0.16	3.00	2.24	
2018-19
☆	GOS	69	69	33.8	27.26	9.16	19.42	.472	5.13	11.74	.437	3.81	4.16	.916	0.65	4.70	5.35	5.23	1.33	0.36	2.78	2.41	
2019-20	GOS	5	5	27.9	20.80	6.60	16.40	.402	2.40	9.80	.245	5.20	5.20	1.000	0.80	4.40	5.20	6.60	1.00	0.40	3.20	2.20	
2020-21
☆	GOS	63	63	34.2	31.98	10.44	21.67	.482	5.35	12.71	.421	5.75	6.27	.916	0.46	5.02	5.48	5.76	1.22	0.13	3.38	1.89	
2021-22
☆	GOS	64	64	34.6	25.47	8.36	19.12	.437	4.45	11.72	.380	4.30	4.66	.923	0.53	4.70	5.23	6.31	1.33	0.36	3.22	2.03	
2022-23
☆	GOS	56	56	34.7	29.43	9.98	20.23	.493	4.88	11.41	.427	4.59	5.02	.915	0.70	5.39	6.09	6.29	0.93	0.36	3.20	2.09	
CAREER	 	882	876	34.4	24.62	8.43	17.75	.475	3.84	8.99	.428	3.92	4.31	.909	0.67	4.07	4.74	6.51	1.61	0.23	3.15	2.38	
