Season	Team	GP	GS	MIN	PTS	FGM	FGA	FG%	3PM	3PA	3P%	FTM	FTA	FT%	OFF	DEF	TRB	AST	STL	BLK	TOV	PF	
1996-97	PHX	65	2	684	213	74	175	.423	23	55	.418	42	51	.824	16	47	63	138	20	0	63	92	
1997-98	PHX	76	9	1,664	691	268	584	.459	81	195	.415	74	86	.860	32	128	160	262	63	4	98	145	
1998-99	DAL	40	40	1,269	315	114	314	.363	49	131	.374	38	46	.826	32	82	114	219	37	2	83	98	
1999-00	DAL	56	27	1,532	481	173	363	.477	60	149	.403	75	85	.882	34	87	121	272	37	3	102	122	
2000-01	DAL	70	70	2,387	1,092	386	792	.487	89	219	.406	231	258	.895	46	177	223	509	72	5	205	158	
2001-02
☆	DAL	82	82	2,838	1,466	525	1,088	.483	156	343	.455	260	293	.887	50	204	254	634	53	4	229	164	
2002-03
☆	DAL	82	82	2,711	1,455	518	1,114	.465	111	269	.413	308	339	.909	63	171	234	598	85	6	192	134	
2003-04	DAL	78	78	2,613	1,128	397	845	.470	104	257	.405	230	251	.916	59	173	232	687	67	8	209	139	
2004-05
★	PHX	75	75	2,572	1,165	430	857	.502	94	218	.431	211	238	.887	57	192	249	861	74	6	245	136	
2005-06
★	PHX	79	79	2,796.6	1,489	541	1,056	.512	150	342	.439	257	279	.921	47	286	333	826	61	12	276	120	
2006-07
☆	PHX	76	76	2,682.4	1,412	517	971	.532	156	343	.455	222	247	.899	30	239	269	884	57	6	287	117	
2007-08
☆	PHX	81	81	2,779.9	1,371	485	962	.504	179	381	.470	222	245	.906	28	254	282	898	53	5	295	113	
2008-09	PHX	74	74	2,484	1,160	428	851	.503	108	246	.439	196	210	.933	19	204	223	717	55	10	248	108	
2009-10
☆	PHX	81	81	2,659.8	1,333	499	985	.507	124	291	.426	211	225	.938	34	234	268	892	42	12	295	108	
2010-11	PHX	75	75	2,496.8	1,106	399	811	.492	81	205	.395	227	249	.912	40	220	260	855	48	4	265	87	
2011-12
☆	PHX	62	62	1,961.2	772	295	555	.532	55	141	.390	127	142	.894	26	160	186	664	38	8	229	53	
2012-13	LAL	50	50	1,626.8	636	236	475	.497	57	130	.438	107	116	.922	26	116	142	333	30	5	126	70	
2013-14	LAL	15	10	312.6	102	36	94	.383	8	24	.333	22	24	.917	4	25	29	86	7	2	31	18	
CAREER	 	1217	1053	38,070.1	17,387	6,321	12,892	.490	1,685	3,939	.428	3,060	3,384	.904	643	2,999	3,642	10,335	899	102	3,478	1,982	
