Season	Team	GP	GS	MIN	PTS	FGM	FGA	FG%	3PM	3PA	3P%	FTM	FTA	FT%	OFF	DEF	TRB	AST	STL	BLK	TOV	PF	
1989-90	GOS	79	78	2,663	1,162	464	985	.471	23	84	.274	211	276	.764	57	253	310	689	165	12	260	232	
1990-91
☆	GOS	82	82	3,213	1,881	739	1,551	.476	97	252	.385	306	381	.803	87	245	332	793	214	12	270	228	
1991-92
☆	GOS	81	81	3,332	1,893	734	1,592	.461	127	376	.338	298	389	.766	81	229	310	807	164	13	267	208	
1992-93
☆	GOS	66	66	2,609	1,419	522	1,168	.447	102	309	.330	273	367	.744	60	203	263	699	116	12	220	152	
1994-95	GOS	62	62	2,321	1,247	430	1,007	.427	168	444	.378	219	288	.760	46	144	190	578	88	12	214	155	
1995-96 *	All Teams	80	46	2,534	1,217	419	992	.422	138	379	.364	241	305	.790	35	194	229	640	132	17	235	201	
1995-96 *	GOS	52	18	1,487	735	255	606	.421	85	232	.366	140	182	.769	22	109	131	360	74	11	125	131	
1995-96 *	MIA	28	28	1,047	482	164	386	.425	53	147	.361	101	123	.821	13	85	98	280	58	6	110	70	
1996-97
☆	MIA	81	81	3,136	1,644	575	1,384	.415	203	590	.344	291	364	.799	49	228	277	695	151	9	229	165	
1997-98
☆	MIA	81	81	3,031	1,528	558	1,296	.431	155	442	.351	257	329	.781	48	251	299	672	136	16	224	200	
1998-99	MIA	48	48	1,772	835	301	752	.400	112	311	.360	121	149	.812	15	137	152	352	57	6	131	102	
1999-00	MIA	52	52	1,672	696	246	638	.386	94	256	.367	110	133	.827	25	125	150	385	49	4	119	112	
2000-01	MIA	77	77	2,613	1,150	408	1,042	.392	189	517	.366	145	181	.801	26	178	204	483	90	6	189	155	
2001-02 *	All Teams	68	16	1,601	652	226	620	.365	123	354	.347	77	97	.794	14	110	124	278	57	10	111	109	
2001-02 *	DAL	54	2	1,276	518	179	494	.362	95	279	.341	65	78	.833	13	84	97	201	40	8	73	84	
2001-02 *	DEN	14	14	325	134	47	126	.373	28	75	.373	12	19	.632	1	26	27	77	17	2	38	25	
2002-03	IND	10	0	127	49	18	49	.367	11	31	.355	2	4	.500	1	14	15	24	9	0	11	8	
CAREER	 	867	770	30,624	15,373	5,640	13,076	.431	1,542	4,345	.355	2,551	3,263	.782	544	2,311	2,855	7,095	1,428	129	2,480	2,027	
