Season	Team	GP	GS	MIN	PTS	FGM	FGA	FG%	3PM	3PA	3P%	FTM	FTA	FT%	OFF	DEF	TRB	AST	STL	BLK	TOV	PF	
1997-98
☆	SAN	82	82	3,204	1,731	706	1,287	.549	0	10	.000	319	482	.662	274	703	977	224	55	206	279	254	
1998-99	SAN	50	50	1,963	1,084	418	845	.495	1	7	.143	247	358	.690	159	412	571	121	45	126	146	147	
1999-00
☆	SAN	74	74	2,875	1,716	628	1,281	.490	1	11	.091	459	603	.761	262	656	918	234	66	165	242	210	
2000-01
☆	SAN	82	82	3,174	1,820	702	1,406	.499	7	27	.259	409	662	.618	259	738	997	245	70	192	242	247	
2001-02
★	SAN	82	82	3,329	2,089	764	1,504	.508	1	10	.100	560	701	.799	268	774	1,042	307	61	203	263	217	
2002-03
★	SAN	81	81	3,180	1,884	714	1,392	.513	6	22	.273	450	634	.710	259	784	1,043	316	55	237	248	231	
2003-04
☆	SAN	69	68	2,525	1,538	592	1,181	.501	2	12	.167	352	588	.599	227	632	859	213	62	185	183	164	
2004-05
☆	SAN	66	66	2,203	1,342	517	1,042	.496	3	9	.333	305	455	.670	202	530	732	179	45	174	127	144	
2005-06
☆	SAN	80	80	2,782.6	1,485	574	1,185	.484	2	5	.400	335	533	.629	231	650	881	253	70	162	198	219	
2006-07
☆	SAN	80	80	2,725.4	1,599	618	1,131	.546	1	9	.111	362	568	.637	213	633	846	273	66	190	224	203	
2007-08
☆	SAN	78	78	2,650.8	1,508	585	1,178	.497	0	4	.000	338	463	.730	237	644	881	218	56	152	178	185	
2008-09
☆	SAN	75	75	2,522.5	1,450	558	1,107	.504	0	2	.000	334	483	.692	201	599	800	264	38	126	165	173	
2009-10
☆	SAN	78	77	2,438.2	1,395	561	1,082	.518	2	11	.182	271	374	.725	221	567	788	246	45	117	140	152	
2010-11
☆	SAN	76	76	2,156.2	1,022	419	838	.500	0	4	.000	184	257	.716	169	509	678	203	50	146	122	119	
2011-12	SAN	58	58	1,634.1	895	361	733	.492	0	4	.000	173	249	.695	110	410	520	132	38	88	97	98	
2012-13
☆	SAN	69	69	2,078.1	1,227	490	976	.502	2	7	.286	245	300	.817	124	562	686	184	50	183	147	117	
2013-14	SAN	74	74	2,158.2	1,119	444	906	.490	0	5	.000	231	316	.731	158	563	721	220	43	139	159	134	
2014-15
☆	SAN	77	77	2,226.8	1,070	419	819	.512	2	7	.286	230	311	.740	170	534	704	230	63	151	131	165	
2015-16	SAN	61	60	1,536.4	522	215	441	.488	0	2	.000	92	131	.702	115	332	447	163	47	78	90	125	
CAREER	 	1392	1389	47,362.3	26,496	10,285	20,334	.506	30	168	.179	5,896	8,468	.696	3,859	11,232	15,091	4,225	1,025	3,020	3,381	3,304	
