Season	Team	GP	GS	MIN	PTS	FGM	FGA	FG%	3PM	3PA	3P%	FTM	FTA	FT%	OFF	DEF	TRB	AST	STL	BLK	TOV	PF	
1970-71	CIN	82	-	2,867	1,308	486	1,095	.444	-	-	-	336	444	.757	-	-	242	450	-	-	-	218	
1971-72	CIN	76	-	3,272	2,145	734	1,511	.486	-	-	-	677	824	.822	-	-	222	701	-	-	-	198	
1972-73
☆	KCK	80	-	3,681	2,719	1,028	2,106	.488	-	-	-	663	783	.847	-	-	223	910	-	-	-	207	
1973-74	KCK	35	-	1,272	617	222	492	.451	-	-	-	173	211	.820	21	64	85	266	56	7	-	76	
1974-75
☆	KCK	82	-	3,244	2,170	759	1,664	.456	-	-	-	652	748	.872	48	174	222	557	119	7	-	187	
1975-76
☆	KCK	78	-	3,184	1,935	717	1,583	.453	-	-	-	501	625	.802	67	146	213	615	126	15	-	169	
1976-77	NYN	34	-	1,277	697	250	560	.446	-	-	-	197	251	.785	22	58	80	254	59	11	-	77	
1978-79	BOS	69	-	1,662	760	259	573	.452	-	-	-	242	307	.788	25	78	103	324	55	6	197	132	
1979-80
☆	BOS	80	-	2,864	1,131	383	794	.482	4	18	.222	361	435	.830	59	138	197	671	106	10	242	218	
1980-81
☆	BOS	80	-	2,820	1,106	382	766	.499	0	9	.000	342	419	.816	36	140	176	618	75	18	265	201	
1981-82
☆	BOS	68	51	2,167	858	308	652	.472	6	16	.375	236	316	.747	25	91	116	541	52	3	178	131	
1982-83	BOS	66	19	1,811	695	235	553	.425	5	24	.208	220	296	.743	25	66	91	409	38	4	163	110	
1983-84	MIL	46	46	1,038	340	136	279	.487	4	18	.222	64	101	.634	16	60	76	160	33	0	78	78	
CAREER	 	876	268	31,159	16,481	5,899	12,628	.467	19	85	.224	4,664	5,760	.810	344	1,015	2,046	6,476	719	81	1,123	2,002	
