Season	Team	GP	GS	MIN	PTS	FGM	FGA	FG%	3PM	3PA	3P%	FTM	FTA	FT%	OFF	DEF	TRB	AST	STL	BLK	TOV	PF	
1981-82	SDC	81	58	2,682	1,392	554	1,056	.525	0	2	.000	284	458	.620	211	350	561	146	58	46	220	341	
1982-83	SDC	79	79	2,665	1,391	519	1,099	.472	0	8	.000	353	488	.723	218	301	519	192	79	57	234	333	
1983-84	SEA	82	44	2,570	1,483	554	1,110	.499	0	12	.000	375	469	.800	219	313	532	133	47	51	192	309	
1984-85	SEA	81	60	2,923	1,739	629	1,302	.483	6	22	.273	475	571	.832	164	415	579	209	70	57	260	312	
1985-86	SEA	66	26	2,018	1,223	432	928	.466	13	48	.271	346	414	.836	126	305	431	132	56	37	193	248	
1986-87
☆	SEA	82	82	3,018	1,909	660	1,446	.456	54	144	.375	535	630	.849	163	382	545	245	81	50	268	307	
1987-88	SEA	82	82	2,680	1,674	611	1,364	.448	33	109	.303	419	519	.807	135	355	490	212	87	53	208	297	
1988-89
☆	PHX	81	81	3,002	2,085	774	1,643	.471	28	86	.326	509	598	.851	143	541	684	231	87	55	231	271	
1989-90
☆	PHX	81	81	3,046	2,201	810	1,617	.501	24	86	.279	557	647	.861	121	450	571	190	88	47	218	260	
1990-91
☆	PHX	76	75	2,475	1,511	556	1,271	.437	20	73	.274	379	459	.826	104	386	490	194	65	52	177	235	
1991-92	PHX	69	66	1,943	1,128	426	989	.431	18	49	.367	258	311	.830	86	315	401	142	57	37	103	196	
1992-93	PHX	73	0	1,723	892	320	716	.447	11	28	.393	241	288	.837	96	249	345	101	43	22	92	212	
1993-94	UTH	80	1	1,838	893	329	748	.440	14	45	.311	221	281	.786	87	239	326	79	40	32	89	232	
1994-95	UTH	81	4	1,240	503	195	427	.457	4	24	.167	109	135	.807	66	147	213	73	25	30	52	173	
1996-97	CHA	12	5	83	19	7	31	.226	2	3	.667	3	4	.750	3	11	14	4	1	0	9	14	
1997-98	PHL	1	0	10	6	2	2	1.000	0	0	.000	2	2	1.000	0	2	2	0	2	0	1	2	
CAREER	 	1107	744	33,916	20,049	7,378	15,749	.468	227	739	.307	5,066	6,274	.807	1,942	4,761	6,703	2,283	886	626	2,547	3,742	
