Season	Team	GP	GS	MIN	PTS	FGM	FGA	FG%	3PM	3PA	3P%	FTM	FTA	FT%	OFF	DEF	TRB	AST	STL	BLK	TOV	PF	
2001-02	SAN	77	72	2,267	705	268	639	.419	61	189	.323	108	160	.675	33	164	197	334	89	7	151	166	
2002-03	SAN	82	82	2,774	1,269	484	1,043	.464	82	243	.337	219	290	.755	33	183	216	432	71	4	198	174	
2003-04	SAN	75	75	2,577	1,099	423	946	.447	62	199	.312	191	272	.702	43	194	237	411	61	7	179	148	
2004-05	SAN	80	80	2,735	1,331	539	1,118	.482	43	156	.276	210	323	.650	47	251	298	491	98	4	215	167	
2005-06
☆	SAN	80	80	2,714.9	1,510	623	1,136	.548	11	36	.306	253	358	.707	38	223	261	460	83	4	249	161	
2006-07
☆	SAN	77	77	2,498.9	1,429	570	1,096	.520	15	38	.395	274	350	.783	34	216	250	420	82	6	191	137	
2007-08	SAN	69	68	2,312.4	1,295	515	1,043	.494	17	66	.258	248	347	.715	30	191	221	411	55	8	164	93	
2008-09
☆	SAN	72	71	2,455.8	1,581	639	1,263	.506	19	65	.292	284	363	.782	27	196	223	496	67	4	186	110	
2009-10	SAN	56	50	1,728	894	349	716	.487	10	34	.294	186	246	.756	7	128	135	317	29	8	149	96	
2010-11	SAN	78	78	2,527.7	1,368	555	1,069	.519	25	70	.357	233	303	.769	30	208	238	513	90	3	200	135	
2011-12
☆	SAN	60	60	1,923.2	1,095	427	890	.480	14	61	.230	227	284	.799	22	149	171	463	57	5	153	75	
2012-13
☆	SAN	66	66	2,173.9	1,341	519	995	.522	24	68	.353	279	330	.845	18	180	198	499	54	6	170	92	
2013-14
☆	SAN	68	68	1,997	1,134	456	914	.499	25	67	.373	197	243	.811	17	138	155	388	36	9	151	86	
2014-15	SAN	68	68	1,952.7	976	404	832	.486	38	89	.427	130	166	.783	15	114	129	335	44	2	146	108	
2015-16	SAN	72	72	1,980.5	857	350	710	.493	27	65	.415	130	171	.760	17	159	176	379	54	11	131	114	
2016-17	SAN	63	63	1,587	638	265	569	.466	23	69	.333	85	117	.726	9	104	113	285	34	2	89	92	
2017-18	SAN	55	21	1,070.9	421	178	388	.459	10	37	.270	55	78	.705	7	88	95	195	28	1	68	52	
2018-19	CHA	56	0	1,002.9	530	213	463	.460	13	51	.255	91	124	.734	14	69	83	207	21	7	75	53	
CAREER	 	1254	1151	38,278.6	19,473	7,777	15,830	.491	519	1,603	.324	3,400	4,525	.751	441	2,955	3,396	7,036	1,053	98	2,865	2,059	
