Season	Team	GP	GS	MIN	PTS	FGM	FGA	FG%	3PM	3PA	3P%	FTM	FTA	FT%	OFF	DEF	TRB	AST	STL	BLK	TOV	PF	
1997-98	TOR	64	18	1,179	451	179	398	.450	14	41	.341	79	111	.712	105	164	269	98	49	61	66	86	
1998-99	TOR	49	2	1,106	458	168	385	.436	8	35	.229	114	157	.726	120	158	278	113	52	66	80	94	
1999-00	TOR	79	34	2,462	1,213	459	1,018	.451	18	65	.277	277	392	.707	188	313	501	263	90	151	160	201	
2000-01
☆	ORL	77	77	3,088	2,065	788	1,724	.457	59	166	.355	430	587	.733	192	388	580	352	116	118	198	160	
2001-02
☆	ORL	76	76	2,912	1,948	715	1,586	.451	103	283	.364	415	555	.748	150	447	597	400	120	73	189	139	
2002-03
☆	ORL	75	74	2,954	2,407	829	1,813	.457	173	448	.386	576	726	.793	121	367	488	411	124	59	195	156	
2003-04
☆	ORL	67	67	2,676	1,878	653	1,566	.417	174	513	.339	398	500	.796	95	307	402	370	93	42	179	129	
2004-05
☆	HOU	78	78	3,184	2,003	715	1,660	.431	142	435	.326	431	557	.774	71	413	484	448	135	52	201	167	
2005-06
☆	HOU	47	47	1,745.1	1,147	410	1,011	.406	73	234	.312	254	340	.747	46	261	307	225	59	41	120	88	
2006-07
☆	HOU	71	71	2,539	1,747	638	1,480	.431	126	381	.331	345	488	.707	56	322	378	458	92	36	213	136	
2007-08	HOU	66	62	2,440.2	1,427	548	1,307	.419	86	295	.292	245	358	.684	42	297	339	387	68	30	160	91	
2008-09	HOU	35	35	1,181.4	545	188	485	.388	44	117	.376	125	156	.801	20	134	154	175	42	15	69	38	
2009-10 *	All Teams	30	24	672.5	245	91	235	.387	16	64	.250	47	63	.746	22	72	94	99	15	14	44	40	
2009-10 *	NYK	24	24	626.7	226	84	216	.389	15	62	.242	43	57	.754	22	67	89	93	15	12	43	38	
2009-10 *	HOU	6	0	45.8	19	7	19	.368	1	2	.500	4	6	.667	0	5	5	6	0	2	1	2	
2010-11	DET	72	39	1,685.5	574	227	514	.442	30	88	.341	90	129	.698	49	202	251	252	66	34	102	101	
2011-12	ATL	52	0	836.6	273	101	231	.437	15	33	.455	56	83	.675	23	131	154	110	16	15	53	35	
CAREER	 	938	704	30,661.3	18,381	6,709	15,413	.435	1,081	3,198	.338	3,882	5,202	.746	1,300	3,976	5,276	4,161	1,137	807	2,029	1,661	
