Season	Team	GP	GS	MIN	PTS	FGM	FGA	FG%	3PM	3PA	3P%	FTM	FTA	FT%	OFF	DEF	TRB	AST	STL	BLK	TOV	PF	
1998-99	TOR	50	49	1,760	913	345	766	.450	19	66	.288	204	268	.761	94	189	283	149	55	77	110	140	
1999-00
☆	TOR	82	82	3,126	2,107	788	1,696	.465	95	236	.403	436	551	.791	150	326	476	322	110	92	178	263	
2000-01
☆	TOR	75	75	2,979	2,070	762	1,656	.460	162	397	.408	384	502	.765	176	240	416	291	114	82	167	205	
2001-02
☆	TOR	60	60	2,385	1,484	559	1,307	.428	121	313	.387	245	307	.798	138	175	313	239	94	43	154	191	
2002-03
☆	TOR	43	42	1,471	884	355	760	.467	45	131	.344	129	160	.806	59	129	188	143	48	41	74	121	
2003-04
☆	TOR	73	73	2,785	1,645	608	1,457	.417	93	243	.383	336	417	.806	95	254	349	348	88	65	223	212	
2004-05 *
☆	All Teams	77	76	2,827	1,886	696	1,541	.452	127	313	.406	367	460	.798	106	295	401	327	109	48	168	243	
2004-05 *
☆	NJN	57	56	2,220	1,569	572	1,239	.462	108	254	.425	317	388	.817	78	257	335	266	84	33	146	187	
2004-05 *
☆	TOR	20	20	607	317	124	302	.411	19	59	.322	50	72	.694	28	38	66	61	25	15	22	56	
2005-06
☆	NJN	79	79	2,906.7	1,911	653	1,518	.430	125	367	.341	480	601	.799	135	327	462	338	94	53	213	235	
2006-07
☆	NJN	82	82	3,126.1	2,070	726	1,598	.454	156	437	.357	462	576	.802	114	378	492	393	82	30	217	266	
2007-08	NJN	76	72	2,959	1,622	587	1,287	.456	98	273	.359	350	429	.816	112	341	453	389	93	33	181	241	
2008-09	NJN	80	80	2,946.2	1,662	588	1,345	.437	151	392	.385	335	410	.817	74	336	410	376	82	38	166	234	
2009-10	ORL	75	74	2,310.4	1,244	434	1,015	.428	119	324	.367	257	306	.840	33	260	293	236	53	18	106	189	
2010-11 *	All Teams	73	63	2,051.6	1,022	389	891	.437	116	321	.361	128	173	.740	54	221	275	146	67	20	90	193	
2010-11 *	PHX	51	41	1,387.2	689	264	625	.422	89	243	.366	72	98	.735	43	142	185	82	47	17	54	123	
2010-11 *	ORL	22	22	664.4	333	125	266	.470	27	78	.346	56	75	.747	11	79	90	64	20	3	36	70	
2011-12	DAL	61	40	1,542.1	615	223	542	.411	74	205	.361	95	115	.826	32	173	205	139	56	25	84	134	
2012-13	DAL	81	3	2,092.7	1,088	372	855	.435	162	399	.406	182	223	.816	58	276	334	194	74	44	106	226	
2013-14	DAL	81	0	1,972.9	967	330	811	.407	146	371	.394	161	196	.821	67	217	284	212	61	35	108	209	
2014-15	MEM	66	1	1,091.2	384	135	406	.333	69	232	.297	45	57	.789	27	106	133	79	43	14	43	102	
2015-16	MEM	60	3	1,005.4	395	133	343	.388	59	169	.349	70	84	.833	31	115	146	56	38	16	35	101	
2016-17	MEM	73	15	1,799.6	586	193	490	.394	112	296	.378	88	115	.765	36	191	227	133	60	36	50	163	
2017-18	SAC	58	4	1,025.9	313	114	283	.403	57	165	.345	28	37	.757	18	130	148	69	42	26	36	96	
2018-19	ATL	76	9	1,330.3	562	196	468	.419	123	316	.389	47	66	.712	31	163	194	87	44	27	48	141	
2019-20	ATL	60	0	875.5	298	107	304	.352	61	202	.302	23	29	.793	18	106	124	48	23	25	33	90	
CAREER	 	1541	982	46,368.6	25,728	9,293	21,339	.435	2,290	6,168	.371	4,852	6,082	.798	1,658	4,948	6,606	4,714	1,530	888	2,590	3,995	
