Season	Team	GP	GS	MIN	PTS	FGM	FGA	FG%	3PM	3PA	3P%	FTM	FTA	FT%	OFF	DEF	TRB	AST	STL	BLK	TOV	PF	
1977-78
☆	PHX	81	-	2,590	1,959	786	1,494	.526	-	-	-	387	466	.830	158	326	484	273	113	20	283	242	
1978-79
☆	PHX	79	-	2,437	1,868	764	1,362	.561	-	-	-	340	409	.831	111	262	373	339	147	26	293	250	
1979-80
☆	PHX	75	-	2,309	1,613	657	1,166	.563	0	4	.000	299	365	.819	75	197	272	337	114	19	242	202	
1980-81
☆	PHX	78	-	2,182	1,402	593	1,101	.539	7	17	.412	209	250	.836	63	137	200	302	97	12	222	192	
1981-82	PHX	55	12	1,182	794	350	669	.523	3	16	.188	91	111	.820	21	82	103	162	46	3	112	104	
1982-83	PHX	80	79	2,491	1,521	665	1,289	.516	7	23	.304	184	225	.818	63	134	197	397	117	12	188	186	
1983-84
☆	PHX	78	70	2,546	1,557	652	1,274	.512	20	87	.230	233	270	.863	38	164	202	429	107	12	213	202	
1984-85	PHX	23	9	570	345	139	309	.450	3	10	.300	64	73	.877	6	29	35	98	18	0	50	42	
1985-86	PHX	70	62	2,239	1,523	624	1,287	.485	18	76	.237	257	305	.843	54	149	203	359	99	3	219	154	
1986-87
☆	PHX	79	79	2,646	1,867	779	1,506	.517	21	81	.259	288	334	.862	90	154	244	364	96	5	226	184	
1987-88	PHX	68	48	1,951	1,217	488	1,031	.473	36	96	.375	205	231	.887	32	127	159	278	86	3	126	131	
1988-89	DEN	81	0	1,857	1,267	536	1,076	.498	20	69	.290	175	199	.879	41	110	151	190	72	5	132	187	
1989-90	DEN	69	0	1,635	1,207	497	1,033	.481	6	46	.130	207	227	.912	46	133	179	155	59	9	102	160	
1990-91 *	All Teams	71	14	1,483	924	403	862	.468	11	36	.306	107	117	.915	71	110	181	125	80	3	88	150	
1990-91 *	DEN	39	13	1,044	728	316	667	.474	10	33	.303	86	94	.915	52	71	123	84	62	3	63	108	
1990-91 *	POR	32	1	439	196	87	195	.446	1	3	.333	21	23	.913	19	39	58	41	18	0	25	42	
1991-92	DEN	46	0	741	457	185	403	.459	5	16	.313	82	94	.872	20	50	70	68	29	1	45	69	
CAREER	 	1033	373	28,859	19,521	8,118	15,862	.512	157	577	.272	3,128	3,676	.851	889	2,164	3,053	3,876	1,280	133	2,541	2,455	
